0;56;0 21;77;0 20,6625213605712;77;-3,74969479077137
21;77;0 21;105;0 20,6625213605712;105;-3,74969479077137 20,6625213605712;77;-3,74969479077137
21;105;0 28;105;0 27,5500284807616;105;-4,99959305436183 20,6625213605712;105;-3,74969479077137
28;105;0 35;105;0 34,437535600952;105;-6,24949131795228 27,5500284807616;105;-4,99959305436183
35;105;0 42;105;0 41,3250427211425;105;-7,49938958154274 34,437535600952;105;-6,24949131795228
42;105;0 42;91;0 41,3250427211425;91;-7,49938958154274 41,3250427211425;105;-7,49938958154274
42;91;0 35;84;0 34,437535600952;84;-6,24949131795228 41,3250427211425;91;-7,49938958154274
35;84;0 28;77;0 27,5500284807616;77;-4,99959305436183 34,437535600952;84;-6,24949131795228
28;77;0 35;63;0 34,437535600952;63;-6,24949131795228 27,5500284807616;77;-4,99959305436183
35;63;0 42;56;0 41,3250427211425;56;-7,49938958154274 34,437535600952;63;-6,24949131795228
42;56;0 56;42;0 55,1000569615233;42;-9,99918610872365 41,3250427211425;56;-7,49938958154274
56;42;0 70;21;0 68,8750712019041;21;-12,4989826359046 55,1000569615233;42;-9,99918610872365
70;21;0 98;-14;0 96,4250996826657;-14;-17,4985756902664 68,8750712019041;21;-12,4989826359046
98;-14;0 98;-42;0 96,4250996826657;-42;-17,4985756902664 96,4250996826657;-14;-17,4985756902664
98;-42;0 98;-70;0 96,4250996826657;-70;-17,4985756902664 96,4250996826657;-42;-17,4985756902664
98;-70;0 91;-91;0 89,5375925624753;-91;-16,2486774266759 96,4250996826657;-70;-17,4985756902664
91;-91;0 49;-98;0 48,2125498413329;-98;-8,7492878451332 89,5375925624753;-91;-16,2486774266759
49;-98;0 21;-98;0 20,6625213605712;-98;-3,74969479077137 48,2125498413329;-98;-8,7492878451332
21;-98;0 0;-98;0 20,6625213605712;-98;-3,74969479077137
0;56;0 20,6625213605712;77;-3,74969479077137 19,6609322834345;77;-7,3788713057082
20,6625213605712;77;-3,74969479077137 20,6625213605712;105;-3,74969479077137 19,6609322834345;105;-7,3788713057082 19,6609322834345;77;-7,3788713057082
20,6625213605712;105;-3,74969479077137 27,5500284807616;105;-4,99959305436183 26,2145763779126;105;-9,8384950742776 19,6609322834345;105;-7,3788713057082
27,5500284807616;105;-4,99959305436183 34,437535600952;105;-6,24949131795228 32,7682204723908;105;-12,298118842847 26,2145763779126;105;-9,8384950742776
34,437535600952;105;-6,24949131795228 41,3250427211425;105;-7,49938958154274 39,321864566869;105;-14,7577426114164 32,7682204723908;105;-12,298118842847
41,3250427211425;105;-7,49938958154274 41,3250427211425;91;-7,49938958154274 39,321864566869;91;-14,7577426114164 39,321864566869;105;-14,7577426114164
41,3250427211425;91;-7,49938958154274 34,437535600952;84;-6,24949131795228 32,7682204723908;84;-12,298118842847 39,321864566869;91;-14,7577426114164
34,437535600952;84;-6,24949131795228 27,5500284807616;77;-4,99959305436183 26,2145763779126;77;-9,8384950742776 32,7682204723908;84;-12,298118842847
27,5500284807616;77;-4,99959305436183 34,437535600952;63;-6,24949131795228 32,7682204723908;63;-12,298118842847 26,2145763779126;77;-9,8384950742776
34,437535600952;63;-6,24949131795228 41,3250427211425;56;-7,49938958154274 39,321864566869;56;-14,7577426114164 32,7682204723908;63;-12,298118842847
41,3250427211425;56;-7,49938958154274 55,1000569615233;42;-9,99918610872365 52,4291527558253;42;-19,6769901485552 39,321864566869;56;-14,7577426114164
55,1000569615233;42;-9,99918610872365 68,8750712019041;21;-12,4989826359046 65,5364409447816;21;-24,596237685694 52,4291527558253;42;-19,6769901485552
68,8750712019041;21;-12,4989826359046 96,4250996826657;-14;-17,4985756902664 91,7510173226943;-14;-34,4347327599716 65,5364409447816;21;-24,596237685694
96,4250996826657;-14;-17,4985756902664 96,4250996826657;-42;-17,4985756902664 91,7510173226943;-42;-34,4347327599716 91,7510173226943;-14;-34,4347327599716
96,4250996826657;-42;-17,4985756902664 96,4250996826657;-70;-17,4985756902664 91,7510173226943;-70;-34,4347327599716 91,7510173226943;-42;-34,4347327599716
96,4250996826657;-70;-17,4985756902664 89,5375925624753;-91;-16,2486774266759 85,1973732282161;-91;-31,9751089914022 91,7510173226943;-70;-34,4347327599716
89,5375925624753;-91;-16,2486774266759 48,2125498413329;-98;-8,7492878451332 45,8755086613471;-98;-17,2173663799858 85,1973732282161;-91;-31,9751089914022
48,2125498413329;-98;-8,7492878451332 20,6625213605712;-98;-3,74969479077137 19,6609322834345;-98;-7,3788713057082 45,8755086613471;-98;-17,2173663799858
20,6625213605712;-98;-3,74969479077137 0;-98;0 19,6609322834345;-98;-7,3788713057082
0;56;0 19,6609322834345;77;-7,3788713057082 18,0274246656392;77;-10,770884825524
19,6609322834345;77;-7,3788713057082 19,6609322834345;105;-7,3788713057082 18,0274246656392;105;-10,770884825524 18,0274246656392;77;-10,770884825524
19,6609322834345;105;-7,3788713057082 26,2145763779126;105;-9,8384950742776 24,0365662208523;105;-14,3611797673654 18,0274246656392;105;-10,770884825524
26,2145763779126;105;-9,8384950742776 32,7682204723908;105;-12,298118842847 30,0457077760653;105;-17,9514747092067 24,0365662208523;105;-14,3611797673654
32,7682204723908;105;-12,298118842847 39,321864566869;105;-14,7577426114164 36,0548493312784;105;-21,5417696510481 30,0457077760653;105;-17,9514747092067
39,321864566869;105;-14,7577426114164 39,321864566869;91;-14,7577426114164 36,0548493312784;91;-21,5417696510481 36,0548493312784;105;-21,5417696510481
39,321864566869;91;-14,7577426114164 32,7682204723908;84;-12,298118842847 30,0457077760653;84;-17,9514747092067 36,0548493312784;91;-21,5417696510481
32,7682204723908;84;-12,298118842847 26,2145763779126;77;-9,8384950742776 24,0365662208523;77;-14,3611797673654 30,0457077760653;84;-17,9514747092067
26,2145763779126;77;-9,8384950742776 32,7682204723908;63;-12,298118842847 30,0457077760653;63;-17,9514747092067 24,0365662208523;77;-14,3611797673654
32,7682204723908;63;-12,298118842847 39,321864566869;56;-14,7577426114164 36,0548493312784;56;-21,5417696510481 30,0457077760653;63;-17,9514747092067
39,321864566869;56;-14,7577426114164 52,4291527558253;42;-19,6769901485552 48,0731324417045;42;-28,7223595347308 36,0548493312784;56;-21,5417696510481
52,4291527558253;42;-19,6769901485552 65,5364409447816;21;-24,596237685694 60,0914155521306;21;-35,9029494184134 48,0731324417045;42;-28,7223595347308
65,5364409447816;21;-24,596237685694 91,7510173226943;-14;-34,4347327599716 84,1279817729829;-14;-50,2641291857788 60,0914155521306;21;-35,9029494184134
91,7510173226943;-14;-34,4347327599716 91,7510173226943;-42;-34,4347327599716 84,1279817729829;-42;-50,2641291857788 84,1279817729829;-14;-50,2641291857788
91,7510173226943;-42;-34,4347327599716 91,7510173226943;-70;-34,4347327599716 84,1279817729829;-70;-50,2641291857788 84,1279817729829;-42;-50,2641291857788
91,7510173226943;-70;-34,4347327599716 85,1973732282161;-91;-31,9751089914022 78,1188402177698;-91;-46,6738342439375 84,1279817729829;-70;-50,2641291857788
85,1973732282161;-91;-31,9751089914022 45,8755086613471;-98;-17,2173663799858 42,0639908864914;-98;-25,1320645928894 78,1188402177698;-91;-46,6738342439375
45,8755086613471;-98;-17,2173663799858 19,6609322834345;-98;-7,3788713057082 18,0274246656392;-98;-10,770884825524 42,0639908864914;-98;-25,1320645928894
19,6609322834345;-98;-7,3788713057082 0;-98;0 18,0274246656392;-98;-10,770884825524
0;56;0 18,0274246656392;77;-10,770884825524 15,8145007860758;77;-13,816713244734
18,0274246656392;77;-10,770884825524 18,0274246656392;105;-10,770884825524 15,8145007860758;105;-13,816713244734 15,8145007860758;77;-13,816713244734
18,0274246656392;105;-10,770884825524 24,0365662208523;105;-14,3611797673654 21,0860010481011;105;-18,422284326312 15,8145007860758;105;-13,816713244734
24,0365662208523;105;-14,3611797673654 30,0457077760653;105;-17,9514747092067 26,3575013101264;105;-23,0278554078899 21,0860010481011;105;-18,422284326312
30,0457077760653;105;-17,9514747092067 36,0548493312784;105;-21,5417696510481 31,6290015721517;105;-27,6334264894679 26,3575013101264;105;-23,0278554078899
36,0548493312784;105;-21,5417696510481 36,0548493312784;91;-21,5417696510481 31,6290015721517;91;-27,6334264894679 31,6290015721517;105;-27,6334264894679
36,0548493312784;91;-21,5417696510481 30,0457077760653;84;-17,9514747092067 26,3575013101264;84;-23,0278554078899 31,6290015721517;91;-27,6334264894679
30,0457077760653;84;-17,9514747092067 24,0365662208523;77;-14,3611797673654 21,0860010481011;77;-18,422284326312 26,3575013101264;84;-23,0278554078899
24,0365662208523;77;-14,3611797673654 30,0457077760653;63;-17,9514747092067 26,3575013101264;63;-23,0278554078899 21,0860010481011;77;-18,422284326312
30,0457077760653;63;-17,9514747092067 36,0548493312784;56;-21,5417696510481 31,6290015721517;56;-27,6334264894679 26,3575013101264;63;-23,0278554078899
36,0548493312784;56;-21,5417696510481 48,0731324417045;42;-28,7223595347308 42,1720020962022;42;-36,8445686526239 31,6290015721517;56;-27,6334264894679
48,0731324417045;42;-28,7223595347308 60,0914155521306;21;-35,9029494184134 52,7150026202528;21;-46,0557108157799 42,1720020962022;42;-36,8445686526239
60,0914155521306;21;-35,9029494184134 84,1279817729829;-14;-50,2641291857788 73,8010036683539;-14;-64,4779951420919 52,7150026202528;21;-46,0557108157799
84,1279817729829;-14;-50,2641291857788 84,1279817729829;-42;-50,2641291857788 73,8010036683539;-42;-64,4779951420919 73,8010036683539;-14;-64,4779951420919
84,1279817729829;-42;-50,2641291857788 84,1279817729829;-70;-50,2641291857788 73,8010036683539;-70;-64,4779951420919 73,8010036683539;-42;-64,4779951420919
84,1279817729829;-70;-50,2641291857788 78,1188402177698;-91;-46,6738342439375 68,5295034063286;-91;-59,8724240605139 73,8010036683539;-70;-64,4779951420919
78,1188402177698;-91;-46,6738342439375 42,0639908864914;-98;-25,1320645928894 36,900501834177;-98;-32,2389975710459 68,5295034063286;-91;-59,8724240605139
42,0639908864914;-98;-25,1320645928894 18,0274246656392;-98;-10,770884825524 15,8145007860758;-98;-13,816713244734 36,900501834177;-98;-32,2389975710459
18,0274246656392;-98;-10,770884825524 0;-98;0 15,8145007860758;-98;-13,816713244734
0;56;0 15,8145007860758;77;-13,816713244734 13,0932858390334;77;-16,4184611318286
15,8145007860758;77;-13,816713244734 15,8145007860758;105;-13,816713244734 13,0932858390334;105;-16,4184611318286 13,0932858390334;77;-16,4184611318286
15,8145007860758;105;-13,816713244734 21,0860010481011;105;-18,422284326312 17,4577144520445;105;-21,8912815091048 13,0932858390334;105;-16,4184611318286
21,0860010481011;105;-18,422284326312 26,3575013101264;105;-23,0278554078899 21,8221430650557;105;-27,3641018863811 17,4577144520445;105;-21,8912815091048
26,3575013101264;105;-23,0278554078899 31,6290015721517;105;-27,6334264894679 26,1865716780668;105;-32,8369222636573 21,8221430650557;105;-27,3641018863811
31,6290015721517;105;-27,6334264894679 31,6290015721517;91;-27,6334264894679 26,1865716780668;91;-32,8369222636573 26,1865716780668;105;-32,8369222636573
31,6290015721517;91;-27,6334264894679 26,3575013101264;84;-23,0278554078899 21,8221430650557;84;-27,3641018863811 26,1865716780668;91;-32,8369222636573
26,3575013101264;84;-23,0278554078899 21,0860010481011;77;-18,422284326312 17,4577144520445;77;-21,8912815091048 21,8221430650557;84;-27,3641018863811
21,0860010481011;77;-18,422284326312 26,3575013101264;63;-23,0278554078899 21,8221430650557;63;-27,3641018863811 17,4577144520445;77;-21,8912815091048
26,3575013101264;63;-23,0278554078899 31,6290015721517;56;-27,6334264894679 26,1865716780668;56;-32,8369222636573 21,8221430650557;63;-27,3641018863811
31,6290015721517;56;-27,6334264894679 42,1720020962022;42;-36,8445686526239 34,9154289040891;42;-43,7825630182097 26,1865716780668;56;-32,8369222636573
42,1720020962022;42;-36,8445686526239 52,7150026202528;21;-46,0557108157799 43,6442861301114;21;-54,7282037727621 34,9154289040891;42;-43,7825630182097
52,7150026202528;21;-46,0557108157799 73,8010036683539;-14;-64,4779951420919 61,1020005821559;-14;-76,6194852818669 43,6442861301114;21;-54,7282037727621
73,8010036683539;-14;-64,4779951420919 73,8010036683539;-42;-64,4779951420919 61,1020005821559;-42;-76,6194852818669 61,1020005821559;-14;-76,6194852818669
73,8010036683539;-42;-64,4779951420919 73,8010036683539;-70;-64,4779951420919 61,1020005821559;-70;-76,6194852818669 61,1020005821559;-42;-76,6194852818669
73,8010036683539;-70;-64,4779951420919 68,5295034063286;-91;-59,8724240605139 56,7375719691447;-91;-71,1466649045907 61,1020005821559;-70;-76,6194852818669
68,5295034063286;-91;-59,8724240605139 36,900501834177;-98;-32,2389975710459 30,551000291078;-98;-38,3097426409335 56,7375719691447;-91;-71,1466649045907
36,900501834177;-98;-32,2389975710459 15,8145007860758;-98;-13,816713244734 13,0932858390334;-98;-16,4184611318286 30,551000291078;-98;-38,3097426409335
15,8145007860758;-98;-13,816713244734 0;-98;0 13,0932858390334;-98;-16,4184611318286
0;56;0 13,0932858390334;77;-16,4184611318286 9,95124191193297;77;-18,4925061689915
13,0932858390334;77;-16,4184611318286 13,0932858390334;105;-16,4184611318286 9,95124191193297;105;-18,4925061689915 9,95124191193297;77;-18,4925061689915
13,0932858390334;105;-16,4184611318286 17,4577144520445;105;-21,8912815091048 13,268322549244;105;-24,6566748919887 9,95124191193297;105;-18,4925061689915
17,4577144520445;105;-21,8912815091048 21,8221430650557;105;-27,3641018863811 16,585403186555;105;-30,8208436149858 13,268322549244;105;-24,6566748919887
21,8221430650557;105;-27,3641018863811 26,1865716780668;105;-32,8369222636573 19,902483823866;105;-36,985012337983 16,585403186555;105;-30,8208436149858
26,1865716780668;105;-32,8369222636573 26,1865716780668;91;-32,8369222636573 19,902483823866;91;-36,985012337983 19,902483823866;105;-36,985012337983
26,1865716780668;91;-32,8369222636573 21,8221430650557;84;-27,3641018863811 16,585403186555;84;-30,8208436149858 19,902483823866;91;-36,985012337983
21,8221430650557;84;-27,3641018863811 17,4577144520445;77;-21,8912815091048 13,268322549244;77;-24,6566748919887 16,585403186555;84;-30,8208436149858
17,4577144520445;77;-21,8912815091048 21,8221430650557;63;-27,3641018863811 16,585403186555;63;-30,8208436149858 13,268322549244;77;-24,6566748919887
21,8221430650557;63;-27,3641018863811 26,1865716780668;56;-32,8369222636573 19,902483823866;56;-36,985012337983 16,585403186555;63;-30,8208436149858
26,1865716780668;56;-32,8369222636573 34,9154289040891;42;-43,7825630182097 26,5366450984879;42;-49,3133497839774 19,902483823866;56;-36,985012337983
34,9154289040891;42;-43,7825630182097 43,6442861301114;21;-54,7282037727621 33,1708063731099;21;-61,6416872299717 26,5366450984879;42;-49,3133497839774
43,6442861301114;21;-54,7282037727621 61,1020005821559;-14;-76,6194852818669 46,4391289223539;-14;-86,2983621219604 33,1708063731099;21;-61,6416872299717
61,1020005821559;-14;-76,6194852818669 61,1020005821559;-42;-76,6194852818669 46,4391289223539;-42;-86,2983621219604 46,4391289223539;-14;-86,2983621219604
61,1020005821559;-42;-76,6194852818669 61,1020005821559;-70;-76,6194852818669 46,4391289223539;-70;-86,2983621219604 46,4391289223539;-42;-86,2983621219604
61,1020005821559;-70;-76,6194852818669 56,7375719691447;-91;-71,1466649045907 43,1220482850429;-91;-80,1341933989632 46,4391289223539;-70;-86,2983621219604
56,7375719691447;-91;-71,1466649045907 30,551000291078;-98;-38,3097426409335 23,219564461177;-98;-43,1491810609802 43,1220482850429;-91;-80,1341933989632
30,551000291078;-98;-38,3097426409335 13,0932858390334;-98;-16,4184611318286 9,95124191193297;-98;-18,4925061689915 23,219564461177;-98;-43,1491810609802
13,0932858390334;-98;-16,4184611318286 0;-98;0 9,95124191193297;-98;-18,4925061689915
0;56;0 9,95124191193297;77;-18,4925061689915 6,4893568818739;77;-19,9721868421982
9,95124191193297;77;-18,4925061689915 9,95124191193297;105;-18,4925061689915 6,4893568818739;105;-19,9721868421982 6,4893568818739;77;-19,9721868421982
9,95124191193297;105;-18,4925061689915 13,268322549244;105;-24,6566748919887 8,65247584249853;105;-26,6295824562643 6,4893568818739;105;-19,9721868421982
13,268322549244;105;-24,6566748919887 16,585403186555;105;-30,8208436149858 10,8155948031232;105;-33,2869780703304 8,65247584249853;105;-26,6295824562643
16,585403186555;105;-30,8208436149858 19,902483823866;105;-36,985012337983 12,9787137637478;105;-39,9443736843965 10,8155948031232;105;-33,2869780703304
19,902483823866;105;-36,985012337983 19,902483823866;91;-36,985012337983 12,9787137637478;91;-39,9443736843965 12,9787137637478;105;-39,9443736843965
19,902483823866;91;-36,985012337983 16,585403186555;84;-30,8208436149858 10,8155948031232;84;-33,2869780703304 12,9787137637478;91;-39,9443736843965
16,585403186555;84;-30,8208436149858 13,268322549244;77;-24,6566748919887 8,65247584249853;77;-26,6295824562643 10,8155948031232;84;-33,2869780703304
13,268322549244;77;-24,6566748919887 16,585403186555;63;-30,8208436149858 10,8155948031232;63;-33,2869780703304 8,65247584249853;77;-26,6295824562643
16,585403186555;63;-30,8208436149858 19,902483823866;56;-36,985012337983 12,9787137637478;56;-39,9443736843965 10,8155948031232;63;-33,2869780703304
19,902483823866;56;-36,985012337983 26,5366450984879;42;-49,3133497839774 17,3049516849971;42;-53,2591649125286 12,9787137637478;56;-39,9443736843965
26,5366450984879;42;-49,3133497839774 33,1708063731099;21;-61,6416872299717 21,6311896062463;21;-66,5739561406608 17,3049516849971;42;-53,2591649125286
33,1708063731099;21;-61,6416872299717 46,4391289223539;-14;-86,2983621219604 30,2836654487449;-14;-93,2035385969251 21,6311896062463;21;-66,5739561406608
46,4391289223539;-14;-86,2983621219604 46,4391289223539;-42;-86,2983621219604 30,2836654487449;-42;-93,2035385969251 30,2836654487449;-14;-93,2035385969251
46,4391289223539;-42;-86,2983621219604 46,4391289223539;-70;-86,2983621219604 30,2836654487449;-70;-93,2035385969251 30,2836654487449;-42;-93,2035385969251
46,4391289223539;-70;-86,2983621219604 43,1220482850429;-91;-80,1341933989632 28,1205464881202;-91;-86,546142982859 30,2836654487449;-70;-93,2035385969251
43,1220482850429;-91;-80,1341933989632 23,219564461177;-98;-43,1491810609802 15,1418327243724;-98;-46,6017692984626 28,1205464881202;-91;-86,546142982859
23,219564461177;-98;-43,1491810609802 9,95124191193297;-98;-18,4925061689915 6,4893568818739;-98;-19,9721868421982 15,1418327243724;-98;-46,6017692984626
9,95124191193297;-98;-18,4925061689915 0;-98;0 6,4893568818739;-98;-19,9721868421982
0;56;0 6,4893568818739;77;-19,9721868421982 2,81889858217076;77;-20,8099449971266
6,4893568818739;77;-19,9721868421982 6,4893568818739;105;-19,9721868421982 2,81889858217076;105;-20,8099449971266 2,81889858217076;77;-20,8099449971266
6,4893568818739;105;-19,9721868421982 8,65247584249853;105;-26,6295824562643 3,75853144289435;105;-27,7465933295022 2,81889858217076;105;-20,8099449971266
8,65247584249853;105;-26,6295824562643 10,8155948031232;105;-33,2869780703304 4,69816430361794;105;-34,6832416618777 3,75853144289435;105;-27,7465933295022
10,8155948031232;105;-33,2869780703304 12,9787137637478;105;-39,9443736843965 5,63779716434153;105;-41,6198899942533 4,69816430361794;105;-34,6832416618777
12,9787137637478;105;-39,9443736843965 12,9787137637478;91;-39,9443736843965 5,63779716434153;91;-41,6198899942533 5,63779716434153;105;-41,6198899942533
12,9787137637478;91;-39,9443736843965 10,8155948031232;84;-33,2869780703304 4,69816430361794;84;-34,6832416618777 5,63779716434153;91;-41,6198899942533
10,8155948031232;84;-33,2869780703304 8,65247584249853;77;-26,6295824562643 3,75853144289435;77;-27,7465933295022 4,69816430361794;84;-34,6832416618777
8,65247584249853;77;-26,6295824562643 10,8155948031232;63;-33,2869780703304 4,69816430361794;63;-34,6832416618777 3,75853144289435;77;-27,7465933295022
10,8155948031232;63;-33,2869780703304 12,9787137637478;56;-39,9443736843965 5,63779716434153;56;-41,6198899942533 4,69816430361794;63;-34,6832416618777
12,9787137637478;56;-39,9443736843965 17,3049516849971;42;-53,2591649125286 7,5170628857887;42;-55,4931866590044 5,63779716434153;56;-41,6198899942533
17,3049516849971;42;-53,2591649125286 21,6311896062463;21;-66,5739561406608 9,39632860723588;21;-69,3664833237555 7,5170628857887;42;-55,4931866590044
21,6311896062463;21;-66,5739561406608 30,2836654487449;-14;-93,2035385969251 13,1548600501303;-14;-97,1130766532577 9,39632860723588;21;-69,3664833237555
30,2836654487449;-14;-93,2035385969251 30,2836654487449;-42;-93,2035385969251 13,1548600501303;-42;-97,1130766532577 13,1548600501303;-14;-97,1130766532577
30,2836654487449;-42;-93,2035385969251 30,2836654487449;-70;-93,2035385969251 13,1548600501303;-70;-97,1130766532577 13,1548600501303;-42;-97,1130766532577
30,2836654487449;-70;-93,2035385969251 28,1205464881202;-91;-86,546142982859 12,2152271894066;-91;-90,1764283208821 13,1548600501303;-70;-97,1130766532577
28,1205464881202;-91;-86,546142982859 15,1418327243724;-98;-46,6017692984626 6,57743002506513;-98;-48,5565383266288 12,2152271894066;-91;-90,1764283208821
15,1418327243724;-98;-46,6017692984626 6,4893568818739;-98;-19,9721868421982 2,81889858217076;-98;-20,8099449971266 6,57743002506513;-98;-48,5565383266288
6,4893568818739;-98;-19,9721868421982 0;-98;0 2,81889858217076;-98;-20,8099449971266
0;56;0 2,81889858217076;77;-20,8099449971266 -0,942161437360817;77;-20,9788543973676
2,81889858217076;77;-20,8099449971266 2,81889858217076;105;-20,8099449971266 -0,942161437360817;105;-20,9788543973676 -0,942161437360817;77;-20,9788543973676
2,81889858217076;105;-20,8099449971266 3,75853144289435;105;-27,7465933295022 -1,25621524981443;105;-27,9718058631568 -0,942161437360817;105;-20,9788543973676
3,75853144289435;105;-27,7465933295022 4,69816430361794;105;-34,6832416618777 -1,57026906226803;105;-34,964757328946 -1,25621524981443;105;-27,9718058631568
4,69816430361794;105;-34,6832416618777 5,63779716434153;105;-41,6198899942533 -1,88432287472163;105;-41,9577087947352 -1,57026906226803;105;-34,964757328946
5,63779716434153;105;-41,6198899942533 5,63779716434153;91;-41,6198899942533 -1,88432287472163;91;-41,9577087947352 -1,88432287472163;105;-41,9577087947352
5,63779716434153;91;-41,6198899942533 4,69816430361794;84;-34,6832416618777 -1,57026906226803;84;-34,964757328946 -1,88432287472163;91;-41,9577087947352
4,69816430361794;84;-34,6832416618777 3,75853144289435;77;-27,7465933295022 -1,25621524981443;77;-27,9718058631568 -1,57026906226803;84;-34,964757328946
3,75853144289435;77;-27,7465933295022 4,69816430361794;63;-34,6832416618777 -1,57026906226803;63;-34,964757328946 -1,25621524981443;77;-27,9718058631568
4,69816430361794;63;-34,6832416618777 5,63779716434153;56;-41,6198899942533 -1,88432287472163;56;-41,9577087947352 -1,57026906226803;63;-34,964757328946
5,63779716434153;56;-41,6198899942533 7,5170628857887;42;-55,4931866590044 -2,51243049962885;42;-55,9436117263137 -1,88432287472163;56;-41,9577087947352
7,5170628857887;42;-55,4931866590044 9,39632860723588;21;-69,3664833237555 -3,14053812453605;21;-69,9295146578921 -2,51243049962885;42;-55,9436117263137
9,39632860723588;21;-69,3664833237555 13,1548600501303;-14;-97,1130766532577 -4,39675337435045;-14;-97,9013205210489 -3,14053812453605;21;-69,9295146578921
13,1548600501303;-14;-97,1130766532577 13,1548600501303;-42;-97,1130766532577 -4,39675337435045;-42;-97,9013205210489 -4,39675337435045;-14;-97,9013205210489
13,1548600501303;-42;-97,1130766532577 13,1548600501303;-70;-97,1130766532577 -4,39675337435045;-70;-97,9013205210489 -4,39675337435045;-42;-97,9013205210489
13,1548600501303;-70;-97,1130766532577 12,2152271894066;-91;-90,1764283208821 -4,08269956189689;-91;-90,9083690552597 -4,39675337435045;-70;-97,9013205210489
12,2152271894066;-91;-90,1764283208821 6,57743002506513;-98;-48,5565383266288 -2,19837668717523;-98;-48,9506602605245 -4,08269956189689;-91;-90,9083690552597
6,57743002506513;-98;-48,5565383266288 2,81889858217076;-98;-20,8099449971266 -0,942161437360817;-98;-20,9788543973676 -2,19837668717523;-98;-48,9506602605245
2,81889858217076;-98;-20,8099449971266 0;-98;0 -0,942161437360817;-98;-20,9788543973676
0;56;0 -0,942161437360817;77;-20,9788543973676 -4,67293961308261;77;-20,4734861558183
-0,942161437360817;77;-20,9788543973676 -0,942161437360817;105;-20,9788543973676 -4,67293961308261;105;-20,4734861558183 -4,67293961308261;77;-20,4734861558183
-0,942161437360817;105;-20,9788543973676 -1,25621524981443;105;-27,9718058631568 -6,23058615077681;105;-27,2979815410911 -4,67293961308261;105;-20,4734861558183
-1,25621524981443;105;-27,9718058631568 -1,57026906226803;105;-34,964757328946 -7,78823268847101;105;-34,1224769263639 -6,23058615077681;105;-27,2979815410911
-1,57026906226803;105;-34,964757328946 -1,88432287472163;105;-41,9577087947352 -9,34587922616522;105;-40,9469723116366 -7,78823268847101;105;-34,1224769263639
-1,88432287472163;105;-41,9577087947352 -1,88432287472163;91;-41,9577087947352 -9,34587922616522;91;-40,9469723116366 -9,34587922616522;105;-40,9469723116366
-1,88432287472163;91;-41,9577087947352 -1,57026906226803;84;-34,964757328946 -7,78823268847101;84;-34,1224769263639 -9,34587922616522;91;-40,9469723116366
-1,57026906226803;84;-34,964757328946 -1,25621524981443;77;-27,9718058631568 -6,23058615077681;77;-27,2979815410911 -7,78823268847101;84;-34,1224769263639
-1,25621524981443;77;-27,9718058631568 -1,57026906226803;63;-34,964757328946 -7,78823268847101;63;-34,1224769263639 -6,23058615077681;77;-27,2979815410911
-1,57026906226803;63;-34,964757328946 -1,88432287472163;56;-41,9577087947352 -9,34587922616522;56;-40,9469723116366 -7,78823268847101;63;-34,1224769263639
-1,88432287472163;56;-41,9577087947352 -2,51243049962885;42;-55,9436117263137 -12,4611723015536;42;-54,5959630821822 -9,34587922616522;56;-40,9469723116366
-2,51243049962885;42;-55,9436117263137 -3,14053812453605;21;-69,9295146578921 -15,576465376942;21;-68,2449538527277 -12,4611723015536;42;-54,5959630821822
-3,14053812453605;21;-69,9295146578921 -4,39675337435045;-14;-97,9013205210489 -21,8070515277188;-14;-95,5429353938188 -15,576465376942;21;-68,2449538527277
-4,39675337435045;-14;-97,9013205210489 -4,39675337435045;-42;-97,9013205210489 -21,8070515277188;-42;-95,5429353938188 -21,8070515277188;-14;-95,5429353938188
-4,39675337435045;-42;-97,9013205210489 -4,39675337435045;-70;-97,9013205210489 -21,8070515277188;-70;-95,5429353938188 -21,8070515277188;-42;-95,5429353938188
-4,39675337435045;-70;-97,9013205210489 -4,08269956189689;-91;-90,9083690552597 -20,2494049900247;-91;-88,718440008546 -21,8070515277188;-70;-95,5429353938188
-4,08269956189689;-91;-90,9083690552597 -2,19837668717523;-98;-48,9506602605245 -10,9035257638594;-98;-47,7714676969094 -20,2494049900247;-91;-88,718440008546
-2,19837668717523;-98;-48,9506602605245 -0,942161437360817;-98;-20,9788543973676 -4,67293961308261;-98;-20,4734861558183 -10,9035257638594;-98;-47,7714676969094
-0,942161437360817;-98;-20,9788543973676 0;-98;0 -4,67293961308261;-98;-20,4734861558183
0;56;0 -4,67293961308261;77;-20,4734861558183 -8,2535256647324;77;-19,3100832235805
-4,67293961308261;77;-20,4734861558183 -4,67293961308261;105;-20,4734861558183 -8,2535256647324;105;-19,3100832235805 -8,2535256647324;77;-19,3100832235805
-4,67293961308261;105;-20,4734861558183 -6,23058615077681;105;-27,2979815410911 -11,0047008863099;105;-25,7467776314406 -8,2535256647324;105;-19,3100832235805
-6,23058615077681;105;-27,2979815410911 -7,78823268847101;105;-34,1224769263639 -13,7558761078873;105;-32,1834720393008 -11,0047008863099;105;-25,7467776314406
-7,78823268847101;105;-34,1224769263639 -9,34587922616522;105;-40,9469723116366 -16,5070513294648;105;-38,6201664471609 -13,7558761078873;105;-32,1834720393008
-9,34587922616522;105;-40,9469723116366 -9,34587922616522;91;-40,9469723116366 -16,5070513294648;91;-38,6201664471609 -16,5070513294648;105;-38,6201664471609
-9,34587922616522;91;-40,9469723116366 -7,78823268847101;84;-34,1224769263639 -13,7558761078873;84;-32,1834720393008 -16,5070513294648;91;-38,6201664471609
-7,78823268847101;84;-34,1224769263639 -6,23058615077681;77;-27,2979815410911 -11,0047008863099;77;-25,7467776314406 -13,7558761078873;84;-32,1834720393008
-6,23058615077681;77;-27,2979815410911 -7,78823268847101;63;-34,1224769263639 -13,7558761078873;63;-32,1834720393008 -11,0047008863099;77;-25,7467776314406
-7,78823268847101;63;-34,1224769263639 -9,34587922616522;56;-40,9469723116366 -16,5070513294648;56;-38,6201664471609 -13,7558761078873;63;-32,1834720393008
-9,34587922616522;56;-40,9469723116366 -12,4611723015536;42;-54,5959630821822 -22,0094017726198;42;-51,4935552628813 -16,5070513294648;56;-38,6201664471609
-12,4611723015536;42;-54,5959630821822 -15,576465376942;21;-68,2449538527277 -27,5117522157747;21;-64,3669440786016 -22,0094017726198;42;-51,4935552628813
-15,576465376942;21;-68,2449538527277 -21,8070515277188;-14;-95,5429353938188 -38,5164531020845;-14;-90,1137217100423 -27,5117522157747;21;-64,3669440786016
-21,8070515277188;-14;-95,5429353938188 -21,8070515277188;-42;-95,5429353938188 -38,5164531020845;-42;-90,1137217100423 -38,5164531020845;-14;-90,1137217100423
-21,8070515277188;-42;-95,5429353938188 -21,8070515277188;-70;-95,5429353938188 -38,5164531020845;-70;-90,1137217100423 -38,5164531020845;-42;-90,1137217100423
-21,8070515277188;-70;-95,5429353938188 -20,2494049900247;-91;-88,718440008546 -35,7652778805071;-91;-83,677027302182 -38,5164531020845;-70;-90,1137217100423
-20,2494049900247;-91;-88,718440008546 -10,9035257638594;-98;-47,7714676969094 -19,2582265510423;-98;-45,0568608550211 -35,7652778805071;-91;-83,677027302182
-10,9035257638594;-98;-47,7714676969094 -4,67293961308261;-98;-20,4734861558183 -8,2535256647324;-98;-19,3100832235805 -19,2582265510423;-98;-45,0568608550211
-4,67293961308261;-98;-20,4734861558183 0;-98;0 -8,2535256647324;-98;-19,3100832235805
0;56;0 -8,2535256647324;77;-19,3100832235805 -11,5688366104942;77;-17,5260383281474
-8,2535256647324;77;-19,3100832235805 -8,2535256647324;105;-19,3100832235805 -11,5688366104942;105;-17,5260383281474 -11,5688366104942;77;-17,5260383281474
-8,2535256647324;105;-19,3100832235805 -11,0047008863099;105;-25,7467776314406 -15,4251154806589;105;-23,3680511041965 -11,5688366104942;105;-17,5260383281474
-11,0047008863099;105;-25,7467776314406 -13,7558761078873;105;-32,1834720393008 -19,2813943508236;105;-29,2100638802456 -15,4251154806589;105;-23,3680511041965
-13,7558761078873;105;-32,1834720393008 -16,5070513294648;105;-38,6201664471609 -23,1376732209883;105;-35,0520766562947 -19,2813943508236;105;-29,2100638802456
-16,5070513294648;105;-38,6201664471609 -16,5070513294648;91;-38,6201664471609 -23,1376732209883;91;-35,0520766562947 -23,1376732209883;105;-35,0520766562947
-16,5070513294648;91;-38,6201664471609 -13,7558761078873;84;-32,1834720393008 -19,2813943508236;84;-29,2100638802456 -23,1376732209883;91;-35,0520766562947
-13,7558761078873;84;-32,1834720393008 -11,0047008863099;77;-25,7467776314406 -15,4251154806589;77;-23,3680511041965 -19,2813943508236;84;-29,2100638802456
-11,0047008863099;77;-25,7467776314406 -13,7558761078873;63;-32,1834720393008 -19,2813943508236;63;-29,2100638802456 -15,4251154806589;77;-23,3680511041965
-13,7558761078873;63;-32,1834720393008 -16,5070513294648;56;-38,6201664471609 -23,1376732209883;56;-35,0520766562947 -19,2813943508236;63;-29,2100638802456
-16,5070513294648;56;-38,6201664471609 -22,0094017726198;42;-51,4935552628813 -30,8502309613178;42;-46,736102208393 -23,1376732209883;56;-35,0520766562947
-22,0094017726198;42;-51,4935552628813 -27,5117522157747;21;-64,3669440786016 -38,5627887016472;21;-58,4201277604913 -30,8502309613178;42;-46,736102208393
-27,5117522157747;21;-64,3669440786016 -38,5164531020845;-14;-90,1137217100423 -53,9879041823061;-14;-81,7881788646878 -38,5627887016472;21;-58,4201277604913
-38,5164531020845;-14;-90,1137217100423 -38,5164531020845;-42;-90,1137217100423 -53,9879041823061;-42;-81,7881788646878 -53,9879041823061;-14;-81,7881788646878
-38,5164531020845;-42;-90,1137217100423 -38,5164531020845;-70;-90,1137217100423 -53,9879041823061;-70;-81,7881788646878 -53,9879041823061;-42;-81,7881788646878
-38,5164531020845;-70;-90,1137217100423 -35,7652778805071;-91;-83,677027302182 -50,1316253121414;-91;-75,9461660886386 -53,9879041823061;-70;-81,7881788646878
-35,7652778805071;-91;-83,677027302182 -19,2582265510423;-98;-45,0568608550211 -26,9939520911531;-98;-40,8940894323439 -50,1316253121414;-91;-75,9461660886386
-19,2582265510423;-98;-45,0568608550211 -8,2535256647324;-98;-19,3100832235805 -11,5688366104942;-98;-17,5260383281474 -26,9939520911531;-98;-40,8940894323439
-8,2535256647324;-98;-19,3100832235805 0;-98;0 -11,5688366104942;-98;-17,5260383281474
0;56;0 -11,5688366104942;77;-17,5260383281474 -14,5123156287242;77;-15,1786921403752
-11,5688366104942;77;-17,5260383281474 -11,5688366104942;105;-17,5260383281474 -14,5123156287242;105;-15,1786921403752 -14,5123156287242;77;-15,1786921403752
-11,5688366104942;105;-17,5260383281474 -15,4251154806589;105;-23,3680511041965 -19,3497541716322;105;-20,238256187167 -14,5123156287242;105;-15,1786921403752
-15,4251154806589;105;-23,3680511041965 -19,2813943508236;105;-29,2100638802456 -24,1871927145403;105;-25,2978202339587 -19,3497541716322;105;-20,238256187167
-19,2813943508236;105;-29,2100638802456 -23,1376732209883;105;-35,0520766562947 -29,0246312574483;105;-30,3573842807505 -24,1871927145403;105;-25,2978202339587
-23,1376732209883;105;-35,0520766562947 -23,1376732209883;91;-35,0520766562947 -29,0246312574483;91;-30,3573842807505 -29,0246312574483;105;-30,3573842807505
-23,1376732209883;91;-35,0520766562947 -19,2813943508236;84;-29,2100638802456 -24,1871927145403;84;-25,2978202339587 -29,0246312574483;91;-30,3573842807505
-19,2813943508236;84;-29,2100638802456 -15,4251154806589;77;-23,3680511041965 -19,3497541716322;77;-20,238256187167 -24,1871927145403;84;-25,2978202339587
-15,4251154806589;77;-23,3680511041965 -19,2813943508236;63;-29,2100638802456 -24,1871927145403;63;-25,2978202339587 -19,3497541716322;77;-20,238256187167
-19,2813943508236;63;-29,2100638802456 -23,1376732209883;56;-35,0520766562947 -29,0246312574483;56;-30,3573842807505 -24,1871927145403;63;-25,2978202339587
-23,1376732209883;56;-35,0520766562947 -30,8502309613178;42;-46,736102208393 -38,6995083432645;42;-40,476512374334 -29,0246312574483;56;-30,3573842807505
-30,8502309613178;42;-46,736102208393 -38,5627887016472;21;-58,4201277604913 -48,3743854290806;21;-50,5956404679175 -38,6995083432645;42;-40,476512374334
-38,5627887016472;21;-58,4201277604913 -53,9879041823061;-14;-81,7881788646878 -67,7241396007128;-14;-70,8338966550845 -48,3743854290806;21;-50,5956404679175
-53,9879041823061;-14;-81,7881788646878 -53,9879041823061;-42;-81,7881788646878 -67,7241396007128;-42;-70,8338966550845 -67,7241396007128;-14;-70,8338966550845
-53,9879041823061;-42;-81,7881788646878 -53,9879041823061;-70;-81,7881788646878 -67,7241396007128;-70;-70,8338966550845 -67,7241396007128;-42;-70,8338966550845
-53,9879041823061;-70;-81,7881788646878 -50,1316253121414;-91;-75,9461660886386 -62,8867010578048;-91;-65,7743326082927 -67,7241396007128;-70;-70,8338966550845
-50,1316253121414;-91;-75,9461660886386 -26,9939520911531;-98;-40,8940894323439 -33,8620698003564;-98;-35,4169483275422 -62,8867010578048;-91;-65,7743326082927
-26,9939520911531;-98;-40,8940894323439 -11,5688366104942;-98;-17,5260383281474 -14,5123156287242;-98;-15,1786921403752 -33,8620698003564;-98;-35,4169483275422
-11,5688366104942;-98;-17,5260383281474 0;-98;0 -14,5123156287242;-98;-15,1786921403752
0;56;0 -14,5123156287242;77;-15,1786921403752 -16,9893568818739;77;-12,3434902981419
-14,5123156287242;77;-15,1786921403752 -14,5123156287242;105;-15,1786921403752 -16,9893568818739;105;-12,3434902981419 -16,9893568818739;77;-12,3434902981419
-14,5123156287242;105;-15,1786921403752 -19,3497541716322;105;-20,238256187167 -22,6524758424986;105;-16,4579870641893 -16,9893568818739;105;-12,3434902981419
-19,3497541716322;105;-20,238256187167 -24,1871927145403;105;-25,2978202339587 -28,3155948031232;105;-20,5724838302366 -22,6524758424986;105;-16,4579870641893
-24,1871927145403;105;-25,2978202339587 -29,0246312574483;105;-30,3573842807505 -33,9787137637478;105;-24,6869805962839 -28,3155948031232;105;-20,5724838302366
-29,0246312574483;105;-30,3573842807505 -29,0246312574483;91;-30,3573842807505 -33,9787137637478;91;-24,6869805962839 -33,9787137637478;105;-24,6869805962839
-29,0246312574483;91;-30,3573842807505 -24,1871927145403;84;-25,2978202339587 -28,3155948031232;84;-20,5724838302366 -33,9787137637478;91;-24,6869805962839
-24,1871927145403;84;-25,2978202339587 -19,3497541716322;77;-20,238256187167 -22,6524758424986;77;-16,4579870641893 -28,3155948031232;84;-20,5724838302366
-19,3497541716322;77;-20,238256187167 -24,1871927145403;63;-25,2978202339587 -28,3155948031232;63;-20,5724838302366 -22,6524758424986;77;-16,4579870641893
-24,1871927145403;63;-25,2978202339587 -29,0246312574483;56;-30,3573842807505 -33,9787137637478;56;-24,6869805962839 -28,3155948031232;63;-20,5724838302366
-29,0246312574483;56;-30,3573842807505 -38,6995083432645;42;-40,476512374334 -45,3049516849971;42;-32,9159741283785 -33,9787137637478;56;-24,6869805962839
-38,6995083432645;42;-40,476512374334 -48,3743854290806;21;-50,5956404679175 -56,6311896062464;21;-41,1449676604732 -45,3049516849971;42;-32,9159741283785
-48,3743854290806;21;-50,5956404679175 -67,7241396007128;-14;-70,8338966550845 -79,283665448745;-14;-57,6029547246624 -56,6311896062464;21;-41,1449676604732
-67,7241396007128;-14;-70,8338966550845 -67,7241396007128;-42;-70,8338966550845 -79,283665448745;-42;-57,6029547246624 -79,283665448745;-14;-57,6029547246624
-67,7241396007128;-42;-70,8338966550845 -67,7241396007128;-70;-70,8338966550845 -79,283665448745;-70;-57,6029547246624 -79,283665448745;-42;-57,6029547246624
-67,7241396007128;-70;-70,8338966550845 -62,8867010578048;-91;-65,7743326082927 -73,6205464881203;-91;-53,4884579586151 -79,283665448745;-70;-57,6029547246624
-62,8867010578048;-91;-65,7743326082927 -33,8620698003564;-98;-35,4169483275422 -39,6418327243725;-98;-28,8014773623312 -73,6205464881203;-91;-53,4884579586151
-33,8620698003564;-98;-35,4169483275422 -14,5123156287242;-98;-15,1786921403752 -16,9893568818739;-98;-12,3434902981419 -39,6418327243725;-98;-28,8014773623312
-14,5123156287242;-98;-15,1786921403752 0;-98;0 -16,9893568818739;-98;-12,3434902981419
0;56;0 -16,9893568818739;77;-12,3434902981419 -18,9203462259508;77;-9,11155852146872
-16,9893568818739;77;-12,3434902981419 -16,9893568818739;105;-12,3434902981419 -18,9203462259508;105;-9,11155852146872 -18,9203462259508;77;-9,11155852146872
-16,9893568818739;105;-12,3434902981419 -22,6524758424986;105;-16,4579870641893 -25,2271283012678;105;-12,1487446952916 -18,9203462259508;105;-9,11155852146872
-22,6524758424986;105;-16,4579870641893 -28,3155948031232;105;-20,5724838302366 -31,5339103765847;105;-15,1859308691146 -25,2271283012678;105;-12,1487446952916
-28,3155948031232;105;-20,5724838302366 -33,9787137637478;105;-24,6869805962839 -37,8406924519016;105;-18,2231170429374 -31,5339103765847;105;-15,1859308691146
-33,9787137637478;105;-24,6869805962839 -33,9787137637478;91;-24,6869805962839 -37,8406924519016;91;-18,2231170429374 -37,8406924519016;105;-18,2231170429374
-33,9787137637478;91;-24,6869805962839 -28,3155948031232;84;-20,5724838302366 -31,5339103765847;84;-15,1859308691146 -37,8406924519016;91;-18,2231170429374
-28,3155948031232;84;-20,5724838302366 -22,6524758424986;77;-16,4579870641893 -25,2271283012678;77;-12,1487446952916 -31,5339103765847;84;-15,1859308691146
-22,6524758424986;77;-16,4579870641893 -28,3155948031232;63;-20,5724838302366 -31,5339103765847;63;-15,1859308691146 -25,2271283012678;77;-12,1487446952916
-28,3155948031232;63;-20,5724838302366 -33,9787137637478;56;-24,6869805962839 -37,8406924519016;56;-18,2231170429374 -31,5339103765847;63;-15,1859308691146
-33,9787137637478;56;-24,6869805962839 -45,3049516849971;42;-32,9159741283785 -50,4542566025355;42;-24,2974893905833 -37,8406924519016;56;-18,2231170429374
-45,3049516849971;42;-32,9159741283785 -56,6311896062464;21;-41,1449676604732 -63,0678207531695;21;-30,3718617382291 -50,4542566025355;42;-24,2974893905833
-56,6311896062464;21;-41,1449676604732 -79,283665448745;-14;-57,6029547246624 -88,2949490544372;-14;-42,5206064335208 -63,0678207531695;21;-30,3718617382291
-79,283665448745;-14;-57,6029547246624 -79,283665448745;-42;-57,6029547246624 -88,2949490544372;-42;-42,5206064335208 -88,2949490544372;-14;-42,5206064335208
-79,283665448745;-42;-57,6029547246624 -79,283665448745;-70;-57,6029547246624 -88,2949490544372;-70;-42,5206064335208 -88,2949490544372;-42;-42,5206064335208
-79,283665448745;-70;-57,6029547246624 -73,6205464881203;-91;-53,4884579586151 -81,9881669791202;-91;-39,4834202596978 -88,2949490544372;-70;-42,5206064335208
-73,6205464881203;-91;-53,4884579586151 -39,6418327243725;-98;-28,8014773623312 -44,1474745272186;-98;-21,2603032167604 -81,9881669791202;-91;-39,4834202596978
-39,6418327243725;-98;-28,8014773623312 -16,9893568818739;-98;-12,3434902981419 -18,9203462259508;-98;-9,11155852146872 -44,1474745272186;-98;-21,2603032167604
-16,9893568818739;-98;-12,3434902981419 0;-98;0 -18,9203462259508;-98;-9,11155852146872
0;56;0 -18,9203462259508;77;-9,11155852146872 -20,2432200746129;77;-5,58677375690018
-18,9203462259508;77;-9,11155852146872 -18,9203462259508;105;-9,11155852146872 -20,2432200746129;105;-5,58677375690018 -20,2432200746129;77;-5,58677375690018
-18,9203462259508;105;-9,11155852146872 -25,2271283012678;105;-12,1487446952916 -26,9909600994839;105;-7,44903167586691 -20,2432200746129;105;-5,58677375690018
-25,2271283012678;105;-12,1487446952916 -31,5339103765847;105;-15,1859308691146 -33,7387001243549;105;-9,31128959483364 -26,9909600994839;105;-7,44903167586691
-31,5339103765847;105;-15,1859308691146 -37,8406924519016;105;-18,2231170429374 -40,4864401492259;105;-11,1735475138004 -33,7387001243549;105;-9,31128959483364
-37,8406924519016;105;-18,2231170429374 -37,8406924519016;91;-18,2231170429374 -40,4864401492259;91;-11,1735475138004 -40,4864401492259;105;-11,1735475138004
-37,8406924519016;91;-18,2231170429374 -31,5339103765847;84;-15,1859308691146 -33,7387001243549;84;-9,31128959483364 -40,4864401492259;91;-11,1735475138004
-31,5339103765847;84;-15,1859308691146 -25,2271283012678;77;-12,1487446952916 -26,9909600994839;77;-7,44903167586691 -33,7387001243549;84;-9,31128959483364
-25,2271283012678;77;-12,1487446952916 -31,5339103765847;63;-15,1859308691146 -33,7387001243549;63;-9,31128959483364 -26,9909600994839;77;-7,44903167586691
-31,5339103765847;63;-15,1859308691146 -37,8406924519016;56;-18,2231170429374 -40,4864401492259;56;-11,1735475138004 -33,7387001243549;63;-9,31128959483364
-37,8406924519016;56;-18,2231170429374 -50,4542566025355;42;-24,2974893905833 -53,9819201989678;42;-14,8980633517338 -40,4864401492259;56;-11,1735475138004
-50,4542566025355;42;-24,2974893905833 -63,0678207531695;21;-30,3718617382291 -67,4774002487099;21;-18,6225791896673 -53,9819201989678;42;-14,8980633517338
-63,0678207531695;21;-30,3718617382291 -88,2949490544372;-14;-42,5206064335208 -94,4683603481938;-14;-26,0716108655342 -67,4774002487099;21;-18,6225791896673
-88,2949490544372;-14;-42,5206064335208 -88,2949490544372;-42;-42,5206064335208 -94,4683603481938;-42;-26,0716108655342 -94,4683603481938;-14;-26,0716108655342
-88,2949490544372;-42;-42,5206064335208 -88,2949490544372;-70;-42,5206064335208 -94,4683603481938;-70;-26,0716108655342 -94,4683603481938;-42;-26,0716108655342
-88,2949490544372;-70;-42,5206064335208 -81,9881669791202;-91;-39,4834202596978 -87,7206203233227;-91;-24,2093529465674 -94,4683603481938;-70;-26,0716108655342
-81,9881669791202;-91;-39,4834202596978 -44,1474745272186;-98;-21,2603032167604 -47,2341801740969;-98;-13,0358054327671 -87,7206203233227;-91;-24,2093529465674
-44,1474745272186;-98;-21,2603032167604 -18,9203462259508;-98;-9,11155852146872 -20,2432200746129;-98;-5,58677375690018 -47,2341801740969;-98;-13,0358054327671
-18,9203462259508;-98;-9,11155852146872 0;-98;0 -20,2432200746129;-98;-5,58677375690018
0;56;0 -20,2432200746129;77;-5,58677375690018 -20,9154601739;77;-1,8824254869721
-20,2432200746129;77;-5,58677375690018 -20,2432200746129;105;-5,58677375690018 -20,9154601739;105;-1,8824254869721 -20,9154601739;77;-1,8824254869721
-20,2432200746129;105;-5,58677375690018 -26,9909600994839;105;-7,44903167586691 -27,8872802318667;105;-2,50990064929614 -20,9154601739;105;-1,8824254869721
-26,9909600994839;105;-7,44903167586691 -33,7387001243549;105;-9,31128959483364 -34,8591002898334;105;-3,13737581162017 -27,8872802318667;105;-2,50990064929614
-33,7387001243549;105;-9,31128959483364 -40,4864401492259;105;-11,1735475138004 -41,8309203478001;105;-3,76485097394419 -34,8591002898334;105;-3,13737581162017
-40,4864401492259;105;-11,1735475138004 -40,4864401492259;91;-11,1735475138004 -41,8309203478001;91;-3,76485097394419 -41,8309203478001;105;-3,76485097394419
-40,4864401492259;91;-11,1735475138004 -33,7387001243549;84;-9,31128959483364 -34,8591002898334;84;-3,13737581162017 -41,8309203478001;91;-3,76485097394419
-33,7387001243549;84;-9,31128959483364 -26,9909600994839;77;-7,44903167586691 -27,8872802318667;77;-2,50990064929614 -34,8591002898334;84;-3,13737581162017
-26,9909600994839;77;-7,44903167586691 -33,7387001243549;63;-9,31128959483364 -34,8591002898334;63;-3,13737581162017 -27,8872802318667;77;-2,50990064929614
-33,7387001243549;63;-9,31128959483364 -40,4864401492259;56;-11,1735475138004 -41,8309203478001;56;-3,76485097394419 -34,8591002898334;63;-3,13737581162017
-40,4864401492259;56;-11,1735475138004 -53,9819201989678;42;-14,8980633517338 -55,7745604637335;42;-5,01980129859227 -41,8309203478001;56;-3,76485097394419
-53,9819201989678;42;-14,8980633517338 -67,4774002487099;21;-18,6225791896673 -69,7182005796669;21;-6,27475162324034 -55,7745604637335;42;-5,01980129859227
-67,4774002487099;21;-18,6225791896673 -94,4683603481938;-14;-26,0716108655342 -97,6054808115336;-14;-8,78465227253649 -69,7182005796669;21;-6,27475162324034
-94,4683603481938;-14;-26,0716108655342 -94,4683603481938;-42;-26,0716108655342 -97,6054808115336;-42;-8,78465227253649 -97,6054808115336;-14;-8,78465227253649
-94,4683603481938;-42;-26,0716108655342 -94,4683603481938;-70;-26,0716108655342 -97,6054808115336;-70;-8,78465227253649 -97,6054808115336;-42;-8,78465227253649
-94,4683603481938;-70;-26,0716108655342 -87,7206203233227;-91;-24,2093529465674 -90,6336607535669;-91;-8,15717711021243 -97,6054808115336;-70;-8,78465227253649
-87,7206203233227;-91;-24,2093529465674 -47,2341801740969;-98;-13,0358054327671 -48,8027404057668;-98;-4,39232613626824 -90,6336607535669;-91;-8,15717711021243
-47,2341801740969;-98;-13,0358054327671 -20,2432200746129;-98;-5,58677375690018 -20,9154601739;-98;-1,8824254869721 -48,8027404057668;-98;-4,39232613626824
-20,2432200746129;-98;-5,58677375690018 0;-98;0 -20,9154601739;-98;-1,8824254869721
0;56;0 -20,9154601739;77;-1,8824254869721 -20,9154601739;77;1,88242548697212
-20,9154601739;77;-1,8824254869721 -20,9154601739;105;-1,8824254869721 -20,9154601739;105;1,88242548697212 -20,9154601739;77;1,88242548697212
-20,9154601739;105;-1,8824254869721 -27,8872802318667;105;-2,50990064929614 -27,8872802318667;105;2,50990064929615 -20,9154601739;105;1,88242548697212
-27,8872802318667;105;-2,50990064929614 -34,8591002898334;105;-3,13737581162017 -34,8591002898334;105;3,13737581162019 -27,8872802318667;105;2,50990064929615
-34,8591002898334;105;-3,13737581162017 -41,8309203478001;105;-3,76485097394419 -41,8309203478001;105;3,76485097394423 -34,8591002898334;105;3,13737581162019
-41,8309203478001;105;-3,76485097394419 -41,8309203478001;91;-3,76485097394419 -41,8309203478001;91;3,76485097394423 -41,8309203478001;105;3,76485097394423
-41,8309203478001;91;-3,76485097394419 -34,8591002898334;84;-3,13737581162017 -34,8591002898334;84;3,13737581162019 -41,8309203478001;91;3,76485097394423
-34,8591002898334;84;-3,13737581162017 -27,8872802318667;77;-2,50990064929614 -27,8872802318667;77;2,50990064929615 -34,8591002898334;84;3,13737581162019
-27,8872802318667;77;-2,50990064929614 -34,8591002898334;63;-3,13737581162017 -34,8591002898334;63;3,13737581162019 -27,8872802318667;77;2,50990064929615
-34,8591002898334;63;-3,13737581162017 -41,8309203478001;56;-3,76485097394419 -41,8309203478001;56;3,76485097394423 -34,8591002898334;63;3,13737581162019
-41,8309203478001;56;-3,76485097394419 -55,7745604637335;42;-5,01980129859227 -55,7745604637335;42;5,01980129859229 -41,8309203478001;56;3,76485097394423
-55,7745604637335;42;-5,01980129859227 -69,7182005796669;21;-6,27475162324034 -69,7182005796669;21;6,27475162324038 -55,7745604637335;42;5,01980129859229
-69,7182005796669;21;-6,27475162324034 -97,6054808115336;-14;-8,78465227253649 -97,6054808115336;-14;8,78465227253651 -69,7182005796669;21;6,27475162324038
-97,6054808115336;-14;-8,78465227253649 -97,6054808115336;-42;-8,78465227253649 -97,6054808115336;-42;8,78465227253651 -97,6054808115336;-14;8,78465227253651
-97,6054808115336;-42;-8,78465227253649 -97,6054808115336;-70;-8,78465227253649 -97,6054808115336;-70;8,78465227253651 -97,6054808115336;-42;8,78465227253651
-97,6054808115336;-70;-8,78465227253649 -90,6336607535669;-91;-8,15717711021243 -90,6336607535669;-91;8,15717711021249 -97,6054808115336;-70;8,78465227253651
-90,6336607535669;-91;-8,15717711021243 -48,8027404057668;-98;-4,39232613626824 -48,8027404057668;-98;4,39232613626826 -90,6336607535669;-91;8,15717711021249
-48,8027404057668;-98;-4,39232613626824 -20,9154601739;-98;-1,8824254869721 -20,9154601739;-98;1,88242548697212 -48,8027404057668;-98;4,39232613626826
-20,9154601739;-98;-1,8824254869721 0;-98;0 -20,9154601739;-98;1,88242548697212
0;56;0 -20,9154601739;77;1,88242548697212 -20,2432200746129;77;5,5867737569002
-20,9154601739;77;1,88242548697212 -20,9154601739;105;1,88242548697212 -20,2432200746129;105;5,5867737569002 -20,2432200746129;77;5,5867737569002
-20,9154601739;105;1,88242548697212 -27,8872802318667;105;2,50990064929615 -26,9909600994839;105;7,44903167586692 -20,2432200746129;105;5,5867737569002
-27,8872802318667;105;2,50990064929615 -34,8591002898334;105;3,13737581162019 -33,7387001243549;105;9,31128959483365 -26,9909600994839;105;7,44903167586692
-34,8591002898334;105;3,13737581162019 -41,8309203478001;105;3,76485097394423 -40,4864401492259;105;11,1735475138004 -33,7387001243549;105;9,31128959483365
-41,8309203478001;105;3,76485097394423 -41,8309203478001;91;3,76485097394423 -40,4864401492259;91;11,1735475138004 -40,4864401492259;105;11,1735475138004
-41,8309203478001;91;3,76485097394423 -34,8591002898334;84;3,13737581162019 -33,7387001243549;84;9,31128959483365 -40,4864401492259;91;11,1735475138004
-34,8591002898334;84;3,13737581162019 -27,8872802318667;77;2,50990064929615 -26,9909600994839;77;7,44903167586692 -33,7387001243549;84;9,31128959483365
-27,8872802318667;77;2,50990064929615 -34,8591002898334;63;3,13737581162019 -33,7387001243549;63;9,31128959483365 -26,9909600994839;77;7,44903167586692
-34,8591002898334;63;3,13737581162019 -41,8309203478001;56;3,76485097394423 -40,4864401492259;56;11,1735475138004 -33,7387001243549;63;9,31128959483365
-41,8309203478001;56;3,76485097394423 -55,7745604637335;42;5,01980129859229 -53,9819201989679;42;14,8980633517338 -40,4864401492259;56;11,1735475138004
-55,7745604637335;42;5,01980129859229 -69,7182005796669;21;6,27475162324038 -67,4774002487099;21;18,6225791896673 -53,9819201989679;42;14,8980633517338
-69,7182005796669;21;6,27475162324038 -97,6054808115336;-14;8,78465227253651 -94,4683603481938;-14;26,0716108655342 -67,4774002487099;21;18,6225791896673
-97,6054808115336;-14;8,78465227253651 -97,6054808115336;-42;8,78465227253651 -94,4683603481938;-42;26,0716108655342 -94,4683603481938;-14;26,0716108655342
-97,6054808115336;-42;8,78465227253651 -97,6054808115336;-70;8,78465227253651 -94,4683603481938;-70;26,0716108655342 -94,4683603481938;-42;26,0716108655342
-97,6054808115336;-70;8,78465227253651 -90,6336607535669;-91;8,15717711021249 -87,7206203233227;-91;24,2093529465675 -94,4683603481938;-70;26,0716108655342
-90,6336607535669;-91;8,15717711021249 -48,8027404057668;-98;4,39232613626826 -47,2341801740969;-98;13,0358054327671 -87,7206203233227;-91;24,2093529465675
-48,8027404057668;-98;4,39232613626826 -20,9154601739;-98;1,88242548697212 -20,2432200746129;-98;5,5867737569002 -47,2341801740969;-98;13,0358054327671
-20,9154601739;-98;1,88242548697212 0;-98;0 -20,2432200746129;-98;5,5867737569002
0;56;0 -20,2432200746129;77;5,5867737569002 -18,9203462259508;77;9,11155852146874
-20,2432200746129;77;5,5867737569002 -20,2432200746129;105;5,5867737569002 -18,9203462259508;105;9,11155852146874 -18,9203462259508;77;9,11155852146874
-20,2432200746129;105;5,5867737569002 -26,9909600994839;105;7,44903167586692 -25,2271283012678;105;12,1487446952916 -18,9203462259508;105;9,11155852146874
-26,9909600994839;105;7,44903167586692 -33,7387001243549;105;9,31128959483365 -31,5339103765847;105;15,1859308691146 -25,2271283012678;105;12,1487446952916
-33,7387001243549;105;9,31128959483365 -40,4864401492259;105;11,1735475138004 -37,8406924519017;105;18,2231170429375 -31,5339103765847;105;15,1859308691146
-40,4864401492259;105;11,1735475138004 -40,4864401492259;91;11,1735475138004 -37,8406924519017;91;18,2231170429375 -37,8406924519017;105;18,2231170429375
-40,4864401492259;91;11,1735475138004 -33,7387001243549;84;9,31128959483365 -31,5339103765847;84;15,1859308691146 -37,8406924519017;91;18,2231170429375
-33,7387001243549;84;9,31128959483365 -26,9909600994839;77;7,44903167586692 -25,2271283012678;77;12,1487446952916 -31,5339103765847;84;15,1859308691146
-26,9909600994839;77;7,44903167586692 -33,7387001243549;63;9,31128959483365 -31,5339103765847;63;15,1859308691146 -25,2271283012678;77;12,1487446952916
-33,7387001243549;63;9,31128959483365 -40,4864401492259;56;11,1735475138004 -37,8406924519017;56;18,2231170429375 -31,5339103765847;63;15,1859308691146
-40,4864401492259;56;11,1735475138004 -53,9819201989679;42;14,8980633517338 -50,4542566025355;42;24,2974893905833 -37,8406924519017;56;18,2231170429375
-53,9819201989679;42;14,8980633517338 -67,4774002487099;21;18,6225791896673 -63,0678207531695;21;30,3718617382291 -50,4542566025355;42;24,2974893905833
-67,4774002487099;21;18,6225791896673 -94,4683603481938;-14;26,0716108655342 -88,2949490544372;-14;42,5206064335208 -63,0678207531695;21;30,3718617382291
-94,4683603481938;-14;26,0716108655342 -94,4683603481938;-42;26,0716108655342 -88,2949490544372;-42;42,5206064335208 -88,2949490544372;-14;42,5206064335208
-94,4683603481938;-42;26,0716108655342 -94,4683603481938;-70;26,0716108655342 -88,2949490544372;-70;42,5206064335208 -88,2949490544372;-42;42,5206064335208
-94,4683603481938;-70;26,0716108655342 -87,7206203233227;-91;24,2093529465675 -81,9881669791202;-91;39,4834202596979 -88,2949490544372;-70;42,5206064335208
-87,7206203233227;-91;24,2093529465675 -47,2341801740969;-98;13,0358054327671 -44,1474745272186;-98;21,2603032167604 -81,9881669791202;-91;39,4834202596979
-47,2341801740969;-98;13,0358054327671 -20,2432200746129;-98;5,5867737569002 -18,9203462259508;-98;9,11155852146874 -44,1474745272186;-98;21,2603032167604
-20,2432200746129;-98;5,5867737569002 0;-98;0 -18,9203462259508;-98;9,11155852146874
0;56;0 -18,9203462259508;77;9,11155852146874 -16,9893568818739;77;12,343490298142
-18,9203462259508;77;9,11155852146874 -18,9203462259508;105;9,11155852146874 -16,9893568818739;105;12,343490298142 -16,9893568818739;77;12,343490298142
-18,9203462259508;105;9,11155852146874 -25,2271283012678;105;12,1487446952916 -22,6524758424986;105;16,4579870641893 -16,9893568818739;105;12,343490298142
-25,2271283012678;105;12,1487446952916 -31,5339103765847;105;15,1859308691146 -28,3155948031232;105;20,5724838302366 -22,6524758424986;105;16,4579870641893
-31,5339103765847;105;15,1859308691146 -37,8406924519017;105;18,2231170429375 -33,9787137637478;105;24,6869805962839 -28,3155948031232;105;20,5724838302366
-37,8406924519017;105;18,2231170429375 -37,8406924519017;91;18,2231170429375 -33,9787137637478;91;24,6869805962839 -33,9787137637478;105;24,6869805962839
-37,8406924519017;91;18,2231170429375 -31,5339103765847;84;15,1859308691146 -28,3155948031232;84;20,5724838302366 -33,9787137637478;91;24,6869805962839
-31,5339103765847;84;15,1859308691146 -25,2271283012678;77;12,1487446952916 -22,6524758424986;77;16,4579870641893 -28,3155948031232;84;20,5724838302366
-25,2271283012678;77;12,1487446952916 -31,5339103765847;63;15,1859308691146 -28,3155948031232;63;20,5724838302366 -22,6524758424986;77;16,4579870641893
-31,5339103765847;63;15,1859308691146 -37,8406924519017;56;18,2231170429375 -33,9787137637478;56;24,6869805962839 -28,3155948031232;63;20,5724838302366
-37,8406924519017;56;18,2231170429375 -50,4542566025355;42;24,2974893905833 -45,3049516849971;42;32,9159741283786 -33,9787137637478;56;24,6869805962839
-50,4542566025355;42;24,2974893905833 -63,0678207531695;21;30,3718617382291 -56,6311896062464;21;41,1449676604732 -45,3049516849971;42;32,9159741283786
-63,0678207531695;21;30,3718617382291 -88,2949490544372;-14;42,5206064335208 -79,283665448745;-14;57,6029547246625 -56,6311896062464;21;41,1449676604732
-88,2949490544372;-14;42,5206064335208 -88,2949490544372;-42;42,5206064335208 -79,283665448745;-42;57,6029547246625 -79,283665448745;-14;57,6029547246625
-88,2949490544372;-42;42,5206064335208 -88,2949490544372;-70;42,5206064335208 -79,283665448745;-70;57,6029547246625 -79,283665448745;-42;57,6029547246625
-88,2949490544372;-70;42,5206064335208 -81,9881669791202;-91;39,4834202596979 -73,6205464881203;-91;53,4884579586152 -79,283665448745;-70;57,6029547246625
-81,9881669791202;-91;39,4834202596979 -44,1474745272186;-98;21,2603032167604 -39,6418327243725;-98;28,8014773623313 -73,6205464881203;-91;53,4884579586152
-44,1474745272186;-98;21,2603032167604 -18,9203462259508;-98;9,11155852146874 -16,9893568818739;-98;12,343490298142 -39,6418327243725;-98;28,8014773623313
-18,9203462259508;-98;9,11155852146874 0;-98;0 -16,9893568818739;-98;12,343490298142
0;56;0 -16,9893568818739;77;12,343490298142 -14,5123156287242;77;15,1786921403753
-16,9893568818739;77;12,343490298142 -16,9893568818739;105;12,343490298142 -14,5123156287242;105;15,1786921403753 -14,5123156287242;77;15,1786921403753
-16,9893568818739;105;12,343490298142 -22,6524758424986;105;16,4579870641893 -19,3497541716322;105;20,238256187167 -14,5123156287242;105;15,1786921403753
-22,6524758424986;105;16,4579870641893 -28,3155948031232;105;20,5724838302366 -24,1871927145403;105;25,2978202339588 -19,3497541716322;105;20,238256187167
-28,3155948031232;105;20,5724838302366 -33,9787137637478;105;24,6869805962839 -29,0246312574484;105;30,3573842807505 -24,1871927145403;105;25,2978202339588
-33,9787137637478;105;24,6869805962839 -33,9787137637478;91;24,6869805962839 -29,0246312574484;91;30,3573842807505 -29,0246312574484;105;30,3573842807505
-33,9787137637478;91;24,6869805962839 -28,3155948031232;84;20,5724838302366 -24,1871927145403;84;25,2978202339588 -29,0246312574484;91;30,3573842807505
-28,3155948031232;84;20,5724838302366 -22,6524758424986;77;16,4579870641893 -19,3497541716322;77;20,238256187167 -24,1871927145403;84;25,2978202339588
-22,6524758424986;77;16,4579870641893 -28,3155948031232;63;20,5724838302366 -24,1871927145403;63;25,2978202339588 -19,3497541716322;77;20,238256187167
-28,3155948031232;63;20,5724838302366 -33,9787137637478;56;24,6869805962839 -29,0246312574484;56;30,3573842807505 -24,1871927145403;63;25,2978202339588
-33,9787137637478;56;24,6869805962839 -45,3049516849971;42;32,9159741283786 -38,6995083432645;42;40,476512374334 -29,0246312574484;56;30,3573842807505
-45,3049516849971;42;32,9159741283786 -56,6311896062464;21;41,1449676604732 -48,3743854290806;21;50,5956404679175 -38,6995083432645;42;40,476512374334
-56,6311896062464;21;41,1449676604732 -79,283665448745;-14;57,6029547246625 -67,7241396007129;-14;70,8338966550845 -48,3743854290806;21;50,5956404679175
-79,283665448745;-14;57,6029547246625 -79,283665448745;-42;57,6029547246625 -67,7241396007129;-42;70,8338966550845 -67,7241396007129;-14;70,8338966550845
-79,283665448745;-42;57,6029547246625 -79,283665448745;-70;57,6029547246625 -67,7241396007129;-70;70,8338966550845 -67,7241396007129;-42;70,8338966550845
-79,283665448745;-70;57,6029547246625 -73,6205464881203;-91;53,4884579586152 -62,8867010578048;-91;65,7743326082927 -67,7241396007129;-70;70,8338966550845
-73,6205464881203;-91;53,4884579586152 -39,6418327243725;-98;28,8014773623313 -33,8620698003564;-98;35,4169483275423 -62,8867010578048;-91;65,7743326082927
-39,6418327243725;-98;28,8014773623313 -16,9893568818739;-98;12,343490298142 -14,5123156287242;-98;15,1786921403753 -33,8620698003564;-98;35,4169483275423
-16,9893568818739;-98;12,343490298142 0;-98;0 -14,5123156287242;-98;15,1786921403753
0;56;0 -14,5123156287242;77;15,1786921403753 -11,5688366104942;77;17,5260383281474
-14,5123156287242;77;15,1786921403753 -14,5123156287242;105;15,1786921403753 -11,5688366104942;105;17,5260383281474 -11,5688366104942;77;17,5260383281474
-14,5123156287242;105;15,1786921403753 -19,3497541716322;105;20,238256187167 -15,4251154806589;105;23,3680511041965 -11,5688366104942;105;17,5260383281474
-19,3497541716322;105;20,238256187167 -24,1871927145403;105;25,2978202339588 -19,2813943508236;105;29,2100638802457 -15,4251154806589;105;23,3680511041965
-24,1871927145403;105;25,2978202339588 -29,0246312574484;105;30,3573842807505 -23,1376732209883;105;35,0520766562948 -19,2813943508236;105;29,2100638802457
-29,0246312574484;105;30,3573842807505 -29,0246312574484;91;30,3573842807505 -23,1376732209883;91;35,0520766562948 -23,1376732209883;105;35,0520766562948
-29,0246312574484;91;30,3573842807505 -24,1871927145403;84;25,2978202339588 -19,2813943508236;84;29,2100638802457 -23,1376732209883;91;35,0520766562948
-24,1871927145403;84;25,2978202339588 -19,3497541716322;77;20,238256187167 -15,4251154806589;77;23,3680511041965 -19,2813943508236;84;29,2100638802457
-19,3497541716322;77;20,238256187167 -24,1871927145403;63;25,2978202339588 -19,2813943508236;63;29,2100638802457 -15,4251154806589;77;23,3680511041965
-24,1871927145403;63;25,2978202339588 -29,0246312574484;56;30,3573842807505 -23,1376732209883;56;35,0520766562948 -19,2813943508236;63;29,2100638802457
-29,0246312574484;56;30,3573842807505 -38,6995083432645;42;40,476512374334 -30,8502309613178;42;46,736102208393 -23,1376732209883;56;35,0520766562948
-38,6995083432645;42;40,476512374334 -48,3743854290806;21;50,5956404679175 -38,5627887016473;21;58,4201277604913 -30,8502309613178;42;46,736102208393
-48,3743854290806;21;50,5956404679175 -67,7241396007129;-14;70,8338966550845 -53,9879041823061;-14;81,7881788646878 -38,5627887016473;21;58,4201277604913
-67,7241396007129;-14;70,8338966550845 -67,7241396007129;-42;70,8338966550845 -53,9879041823061;-42;81,7881788646878 -53,9879041823061;-14;81,7881788646878
-67,7241396007129;-42;70,8338966550845 -67,7241396007129;-70;70,8338966550845 -53,9879041823061;-70;81,7881788646878 -53,9879041823061;-42;81,7881788646878
-67,7241396007129;-70;70,8338966550845 -62,8867010578048;-91;65,7743326082927 -50,1316253121414;-91;75,9461660886387 -53,9879041823061;-70;81,7881788646878
-62,8867010578048;-91;65,7743326082927 -33,8620698003564;-98;35,4169483275423 -26,9939520911531;-98;40,8940894323439 -50,1316253121414;-91;75,9461660886387
-33,8620698003564;-98;35,4169483275423 -14,5123156287242;-98;15,1786921403753 -11,5688366104942;-98;17,5260383281474 -26,9939520911531;-98;40,8940894323439
-14,5123156287242;-98;15,1786921403753 0;-98;0 -11,5688366104942;-98;17,5260383281474
0;56;0 -11,5688366104942;77;17,5260383281474 -8,25352566473241;77;19,3100832235805
-11,5688366104942;77;17,5260383281474 -11,5688366104942;105;17,5260383281474 -8,25352566473241;105;19,3100832235805 -8,25352566473241;77;19,3100832235805
-11,5688366104942;105;17,5260383281474 -15,4251154806589;105;23,3680511041965 -11,0047008863099;105;25,7467776314407 -8,25352566473241;105;19,3100832235805
-15,4251154806589;105;23,3680511041965 -19,2813943508236;105;29,2100638802457 -13,7558761078874;105;32,1834720393009 -11,0047008863099;105;25,7467776314407
-19,2813943508236;105;29,2100638802457 -23,1376732209883;105;35,0520766562948 -16,5070513294648;105;38,620166447161 -13,7558761078874;105;32,1834720393009
-23,1376732209883;105;35,0520766562948 -23,1376732209883;91;35,0520766562948 -16,5070513294648;91;38,620166447161 -16,5070513294648;105;38,620166447161
-23,1376732209883;91;35,0520766562948 -19,2813943508236;84;29,2100638802457 -13,7558761078874;84;32,1834720393009 -16,5070513294648;91;38,620166447161
-19,2813943508236;84;29,2100638802457 -15,4251154806589;77;23,3680511041965 -11,0047008863099;77;25,7467776314407 -13,7558761078874;84;32,1834720393009
-15,4251154806589;77;23,3680511041965 -19,2813943508236;63;29,2100638802457 -13,7558761078874;63;32,1834720393009 -11,0047008863099;77;25,7467776314407
-19,2813943508236;63;29,2100638802457 -23,1376732209883;56;35,0520766562948 -16,5070513294648;56;38,620166447161 -13,7558761078874;63;32,1834720393009
-23,1376732209883;56;35,0520766562948 -30,8502309613178;42;46,736102208393 -22,0094017726198;42;51,4935552628813 -16,5070513294648;56;38,620166447161
-30,8502309613178;42;46,736102208393 -38,5627887016473;21;58,4201277604913 -27,5117522157747;21;64,3669440786017 -22,0094017726198;42;51,4935552628813
-38,5627887016473;21;58,4201277604913 -53,9879041823061;-14;81,7881788646878 -38,5164531020846;-14;90,1137217100424 -27,5117522157747;21;64,3669440786017
-53,9879041823061;-14;81,7881788646878 -53,9879041823061;-42;81,7881788646878 -38,5164531020846;-42;90,1137217100424 -38,5164531020846;-14;90,1137217100424
-53,9879041823061;-42;81,7881788646878 -53,9879041823061;-70;81,7881788646878 -38,5164531020846;-70;90,1137217100424 -38,5164531020846;-42;90,1137217100424
-53,9879041823061;-70;81,7881788646878 -50,1316253121414;-91;75,9461660886387 -35,7652778805071;-91;83,6770273021821 -38,5164531020846;-70;90,1137217100424
-50,1316253121414;-91;75,9461660886387 -26,9939520911531;-98;40,8940894323439 -19,2582265510423;-98;45,0568608550212 -35,7652778805071;-91;83,6770273021821
-26,9939520911531;-98;40,8940894323439 -11,5688366104942;-98;17,5260383281474 -8,25352566473241;-98;19,3100832235805 -19,2582265510423;-98;45,0568608550212
-11,5688366104942;-98;17,5260383281474 0;-98;0 -8,25352566473241;-98;19,3100832235805
0;56;0 -8,25352566473241;77;19,3100832235805 -4,6729396130826;77;20,4734861558184
-8,25352566473241;77;19,3100832235805 -8,25352566473241;105;19,3100832235805 -4,6729396130826;105;20,4734861558184 -4,6729396130826;77;20,4734861558184
-8,25352566473241;105;19,3100832235805 -11,0047008863099;105;25,7467776314407 -6,23058615077681;105;27,2979815410911 -4,6729396130826;105;20,4734861558184
-11,0047008863099;105;25,7467776314407 -13,7558761078874;105;32,1834720393009 -7,78823268847102;105;34,1224769263639 -6,23058615077681;105;27,2979815410911
-13,7558761078874;105;32,1834720393009 -16,5070513294648;105;38,620166447161 -9,34587922616521;105;40,9469723116367 -7,78823268847102;105;34,1224769263639
-16,5070513294648;105;38,620166447161 -16,5070513294648;91;38,620166447161 -9,34587922616521;91;40,9469723116367 -9,34587922616521;105;40,9469723116367
-16,5070513294648;91;38,620166447161 -13,7558761078874;84;32,1834720393009 -7,78823268847102;84;34,1224769263639 -9,34587922616521;91;40,9469723116367
-13,7558761078874;84;32,1834720393009 -11,0047008863099;77;25,7467776314407 -6,23058615077681;77;27,2979815410911 -7,78823268847102;84;34,1224769263639
-11,0047008863099;77;25,7467776314407 -13,7558761078874;63;32,1834720393009 -7,78823268847102;63;34,1224769263639 -6,23058615077681;77;27,2979815410911
-13,7558761078874;63;32,1834720393009 -16,5070513294648;56;38,620166447161 -9,34587922616521;56;40,9469723116367 -7,78823268847102;63;34,1224769263639
-16,5070513294648;56;38,620166447161 -22,0094017726198;42;51,4935552628813 -12,4611723015536;42;54,5959630821822 -9,34587922616521;56;40,9469723116367
-22,0094017726198;42;51,4935552628813 -27,5117522157747;21;64,3669440786017 -15,576465376942;21;68,2449538527278 -12,4611723015536;42;54,5959630821822
-27,5117522157747;21;64,3669440786017 -38,5164531020846;-14;90,1137217100424 -21,8070515277188;-14;95,5429353938189 -15,576465376942;21;68,2449538527278
-38,5164531020846;-14;90,1137217100424 -38,5164531020846;-42;90,1137217100424 -21,8070515277188;-42;95,5429353938189 -21,8070515277188;-14;95,5429353938189
-38,5164531020846;-42;90,1137217100424 -38,5164531020846;-70;90,1137217100424 -21,8070515277188;-70;95,5429353938189 -21,8070515277188;-42;95,5429353938189
-38,5164531020846;-70;90,1137217100424 -35,7652778805071;-91;83,6770273021821 -20,2494049900246;-91;88,7184400085461 -21,8070515277188;-70;95,5429353938189
-35,7652778805071;-91;83,6770273021821 -19,2582265510423;-98;45,0568608550212 -10,9035257638594;-98;47,7714676969095 -20,2494049900246;-91;88,7184400085461
-19,2582265510423;-98;45,0568608550212 -8,25352566473241;-98;19,3100832235805 -4,6729396130826;-98;20,4734861558184 -10,9035257638594;-98;47,7714676969095
-8,25352566473241;-98;19,3100832235805 0;-98;0 -4,6729396130826;-98;20,4734861558184
0;56;0 -4,6729396130826;77;20,4734861558184 -0,942161437360804;77;20,9788543973677
-4,6729396130826;77;20,4734861558184 -4,6729396130826;105;20,4734861558184 -0,942161437360804;105;20,9788543973677 -0,942161437360804;77;20,9788543973677
-4,6729396130826;105;20,4734861558184 -6,23058615077681;105;27,2979815410911 -1,25621524981441;105;27,9718058631569 -0,942161437360804;105;20,9788543973677
-6,23058615077681;105;27,2979815410911 -7,78823268847102;105;34,1224769263639 -1,57026906226802;105;34,9647573289461 -1,25621524981441;105;27,9718058631569
-7,78823268847102;105;34,1224769263639 -9,34587922616521;105;40,9469723116367 -1,88432287472161;105;41,9577087947353 -1,57026906226802;105;34,9647573289461
-9,34587922616521;105;40,9469723116367 -9,34587922616521;91;40,9469723116367 -1,88432287472161;91;41,9577087947353 -1,88432287472161;105;41,9577087947353
-9,34587922616521;91;40,9469723116367 -7,78823268847102;84;34,1224769263639 -1,57026906226802;84;34,9647573289461 -1,88432287472161;91;41,9577087947353
-7,78823268847102;84;34,1224769263639 -6,23058615077681;77;27,2979815410911 -1,25621524981441;77;27,9718058631569 -1,57026906226802;84;34,9647573289461
-6,23058615077681;77;27,2979815410911 -7,78823268847102;63;34,1224769263639 -1,57026906226802;63;34,9647573289461 -1,25621524981441;77;27,9718058631569
-7,78823268847102;63;34,1224769263639 -9,34587922616521;56;40,9469723116367 -1,88432287472161;56;41,9577087947353 -1,57026906226802;63;34,9647573289461
-9,34587922616521;56;40,9469723116367 -12,4611723015536;42;54,5959630821822 -2,51243049962883;42;55,9436117263137 -1,88432287472161;56;41,9577087947353
-12,4611723015536;42;54,5959630821822 -15,576465376942;21;68,2449538527278 -3,14053812453603;21;69,9295146578922 -2,51243049962883;42;55,9436117263137
-15,576465376942;21;68,2449538527278 -21,8070515277188;-14;95,5429353938189 -4,39675337435046;-14;97,9013205210491 -3,14053812453603;21;69,9295146578922
-21,8070515277188;-14;95,5429353938189 -21,8070515277188;-42;95,5429353938189 -4,39675337435046;-42;97,9013205210491 -4,39675337435046;-14;97,9013205210491
-21,8070515277188;-42;95,5429353938189 -21,8070515277188;-70;95,5429353938189 -4,39675337435046;-70;97,9013205210491 -4,39675337435046;-42;97,9013205210491
-21,8070515277188;-70;95,5429353938189 -20,2494049900246;-91;88,7184400085461 -4,08269956189684;-91;90,9083690552598 -4,39675337435046;-70;97,9013205210491
-20,2494049900246;-91;88,7184400085461 -10,9035257638594;-98;47,7714676969095 -2,19837668717523;-98;48,9506602605245 -4,08269956189684;-91;90,9083690552598
-10,9035257638594;-98;47,7714676969095 -4,6729396130826;-98;20,4734861558184 -0,942161437360804;-98;20,9788543973677 -2,19837668717523;-98;48,9506602605245
-4,6729396130826;-98;20,4734861558184 0;-98;0 -0,942161437360804;-98;20,9788543973677
0;56;0 -0,942161437360804;77;20,9788543973677 2,81889858217078;77;20,8099449971267
-0,942161437360804;77;20,9788543973677 -0,942161437360804;105;20,9788543973677 2,81889858217078;105;20,8099449971267 2,81889858217078;77;20,8099449971267
-0,942161437360804;105;20,9788543973677 -1,25621524981441;105;27,9718058631569 3,75853144289437;105;27,7465933295022 2,81889858217078;105;20,8099449971267
-1,25621524981441;105;27,9718058631569 -1,57026906226802;105;34,9647573289461 4,69816430361797;105;34,6832416618778 3,75853144289437;105;27,7465933295022
-1,57026906226802;105;34,9647573289461 -1,88432287472161;105;41,9577087947353 5,63779716434157;105;41,6198899942534 4,69816430361797;105;34,6832416618778
-1,88432287472161;105;41,9577087947353 -1,88432287472161;91;41,9577087947353 5,63779716434157;91;41,6198899942534 5,63779716434157;105;41,6198899942534
-1,88432287472161;91;41,9577087947353 -1,57026906226802;84;34,9647573289461 4,69816430361797;84;34,6832416618778 5,63779716434157;91;41,6198899942534
-1,57026906226802;84;34,9647573289461 -1,25621524981441;77;27,9718058631569 3,75853144289437;77;27,7465933295022 4,69816430361797;84;34,6832416618778
-1,25621524981441;77;27,9718058631569 -1,57026906226802;63;34,9647573289461 4,69816430361797;63;34,6832416618778 3,75853144289437;77;27,7465933295022
-1,57026906226802;63;34,9647573289461 -1,88432287472161;56;41,9577087947353 5,63779716434157;56;41,6198899942534 4,69816430361797;63;34,6832416618778
-1,88432287472161;56;41,9577087947353 -2,51243049962883;42;55,9436117263137 7,51706288578873;42;55,4931866590045 5,63779716434157;56;41,6198899942534
-2,51243049962883;42;55,9436117263137 -3,14053812453603;21;69,9295146578922 9,39632860723593;21;69,3664833237556 7,51706288578873;42;55,4931866590045
-3,14053812453603;21;69,9295146578922 -4,39675337435046;-14;97,9013205210491 13,1548600501303;-14;97,1130766532578 9,39632860723593;21;69,3664833237556
-4,39675337435046;-14;97,9013205210491 -4,39675337435046;-42;97,9013205210491 13,1548600501303;-42;97,1130766532578 13,1548600501303;-14;97,1130766532578
-4,39675337435046;-42;97,9013205210491 -4,39675337435046;-70;97,9013205210491 13,1548600501303;-70;97,1130766532578 13,1548600501303;-42;97,1130766532578
-4,39675337435046;-70;97,9013205210491 -4,08269956189684;-91;90,9083690552598 12,2152271894067;-91;90,1764283208822 13,1548600501303;-70;97,1130766532578
-4,08269956189684;-91;90,9083690552598 -2,19837668717523;-98;48,9506602605245 6,57743002506515;-98;48,5565383266289 12,2152271894067;-91;90,1764283208822
-2,19837668717523;-98;48,9506602605245 -0,942161437360804;-98;20,9788543973677 2,81889858217078;-98;20,8099449971267 6,57743002506515;-98;48,5565383266289
-0,942161437360804;-98;20,9788543973677 0;-98;0 2,81889858217078;-98;20,8099449971267
0;56;0 2,81889858217078;77;20,8099449971267 6,48935688187392;77;19,9721868421983
2,81889858217078;77;20,8099449971267 2,81889858217078;105;20,8099449971267 6,48935688187392;105;19,9721868421983 6,48935688187392;77;19,9721868421983
2,81889858217078;105;20,8099449971267 3,75853144289437;105;27,7465933295022 8,65247584249855;105;26,6295824562644 6,48935688187392;105;19,9721868421983
3,75853144289437;105;27,7465933295022 4,69816430361797;105;34,6832416618778 10,8155948031232;105;33,2869780703305 8,65247584249855;105;26,6295824562644
4,69816430361797;105;34,6832416618778 5,63779716434157;105;41,6198899942534 12,9787137637478;105;39,9443736843965 10,8155948031232;105;33,2869780703305
5,63779716434157;105;41,6198899942534 5,63779716434157;91;41,6198899942534 12,9787137637478;91;39,9443736843965 12,9787137637478;105;39,9443736843965
5,63779716434157;91;41,6198899942534 4,69816430361797;84;34,6832416618778 10,8155948031232;84;33,2869780703305 12,9787137637478;91;39,9443736843965
4,69816430361797;84;34,6832416618778 3,75853144289437;77;27,7465933295022 8,65247584249855;77;26,6295824562644 10,8155948031232;84;33,2869780703305
3,75853144289437;77;27,7465933295022 4,69816430361797;63;34,6832416618778 10,8155948031232;63;33,2869780703305 8,65247584249855;77;26,6295824562644
4,69816430361797;63;34,6832416618778 5,63779716434157;56;41,6198899942534 12,9787137637478;56;39,9443736843965 10,8155948031232;63;33,2869780703305
5,63779716434157;56;41,6198899942534 7,51706288578873;42;55,4931866590045 17,3049516849971;42;53,2591649125287 12,9787137637478;56;39,9443736843965
7,51706288578873;42;55,4931866590045 9,39632860723593;21;69,3664833237556 21,6311896062464;21;66,5739561406609 17,3049516849971;42;53,2591649125287
9,39632860723593;21;69,3664833237556 13,1548600501303;-14;97,1130766532578 30,2836654487449;-14;93,2035385969253 21,6311896062464;21;66,5739561406609
13,1548600501303;-14;97,1130766532578 13,1548600501303;-42;97,1130766532578 30,2836654487449;-42;93,2035385969253 30,2836654487449;-14;93,2035385969253
13,1548600501303;-42;97,1130766532578 13,1548600501303;-70;97,1130766532578 30,2836654487449;-70;93,2035385969253 30,2836654487449;-42;93,2035385969253
13,1548600501303;-70;97,1130766532578 12,2152271894067;-91;90,1764283208822 28,1205464881203;-91;86,5461429828591 30,2836654487449;-70;93,2035385969253
12,2152271894067;-91;90,1764283208822 6,57743002506515;-98;48,5565383266289 15,1418327243725;-98;46,6017692984626 28,1205464881203;-91;86,5461429828591
6,57743002506515;-98;48,5565383266289 2,81889858217078;-98;20,8099449971267 6,48935688187392;-98;19,9721868421983 15,1418327243725;-98;46,6017692984626
2,81889858217078;-98;20,8099449971267 0;-98;0 6,48935688187392;-98;19,9721868421983
0;56;0 6,48935688187392;77;19,9721868421983 9,95124191193301;77;18,4925061689915
6,48935688187392;77;19,9721868421983 6,48935688187392;105;19,9721868421983 9,95124191193301;105;18,4925061689915 9,95124191193301;77;18,4925061689915
6,48935688187392;105;19,9721868421983 8,65247584249855;105;26,6295824562644 13,268322549244;105;24,6566748919887 9,95124191193301;105;18,4925061689915
8,65247584249855;105;26,6295824562644 10,8155948031232;105;33,2869780703305 16,585403186555;105;30,8208436149859 13,268322549244;105;24,6566748919887
10,8155948031232;105;33,2869780703305 12,9787137637478;105;39,9443736843965 19,902483823866;105;36,9850123379831 16,585403186555;105;30,8208436149859
12,9787137637478;105;39,9443736843965 12,9787137637478;91;39,9443736843965 19,902483823866;91;36,9850123379831 19,902483823866;105;36,9850123379831
12,9787137637478;91;39,9443736843965 10,8155948031232;84;33,2869780703305 16,585403186555;84;30,8208436149859 19,902483823866;91;36,9850123379831
10,8155948031232;84;33,2869780703305 8,65247584249855;77;26,6295824562644 13,268322549244;77;24,6566748919887 16,585403186555;84;30,8208436149859
8,65247584249855;77;26,6295824562644 10,8155948031232;63;33,2869780703305 16,585403186555;63;30,8208436149859 13,268322549244;77;24,6566748919887
10,8155948031232;63;33,2869780703305 12,9787137637478;56;39,9443736843965 19,902483823866;56;36,9850123379831 16,585403186555;63;30,8208436149859
12,9787137637478;56;39,9443736843965 17,3049516849971;42;53,2591649125287 26,536645098488;42;49,3133497839774 19,902483823866;56;36,9850123379831
17,3049516849971;42;53,2591649125287 21,6311896062464;21;66,5739561406609 33,17080637311;21;61,6416872299718 26,536645098488;42;49,3133497839774
21,6311896062464;21;66,5739561406609 30,2836654487449;-14;93,2035385969253 46,439128922354;-14;86,2983621219606 33,17080637311;21;61,6416872299718
30,2836654487449;-14;93,2035385969253 30,2836654487449;-42;93,2035385969253 46,439128922354;-42;86,2983621219606 46,439128922354;-14;86,2983621219606
30,2836654487449;-42;93,2035385969253 30,2836654487449;-70;93,2035385969253 46,439128922354;-70;86,2983621219606 46,439128922354;-42;86,2983621219606
30,2836654487449;-70;93,2035385969253 28,1205464881203;-91;86,5461429828591 43,122048285043;-91;80,1341933989633 46,439128922354;-70;86,2983621219606
28,1205464881203;-91;86,5461429828591 15,1418327243725;-98;46,6017692984626 23,219564461177;-98;43,1491810609803 43,122048285043;-91;80,1341933989633
15,1418327243725;-98;46,6017692984626 6,48935688187392;-98;19,9721868421983 9,95124191193301;-98;18,4925061689915 23,219564461177;-98;43,1491810609803
6,48935688187392;-98;19,9721868421983 0;-98;0 9,95124191193301;-98;18,4925061689915
0;56;0 9,95124191193301;77;18,4925061689915 13,0932858390335;77;16,4184611318287
9,95124191193301;77;18,4925061689915 9,95124191193301;105;18,4925061689915 13,0932858390335;105;16,4184611318287 13,0932858390335;77;16,4184611318287
9,95124191193301;105;18,4925061689915 13,268322549244;105;24,6566748919887 17,4577144520446;105;21,8912815091049 13,0932858390335;105;16,4184611318287
13,268322549244;105;24,6566748919887 16,585403186555;105;30,8208436149859 21,8221430650558;105;27,3641018863811 17,4577144520446;105;21,8912815091049
16,585403186555;105;30,8208436149859 19,902483823866;105;36,9850123379831 26,1865716780669;105;32,8369222636573 21,8221430650558;105;27,3641018863811
19,902483823866;105;36,9850123379831 19,902483823866;91;36,9850123379831 26,1865716780669;91;32,8369222636573 26,1865716780669;105;32,8369222636573
19,902483823866;91;36,9850123379831 16,585403186555;84;30,8208436149859 21,8221430650558;84;27,3641018863811 26,1865716780669;91;32,8369222636573
16,585403186555;84;30,8208436149859 13,268322549244;77;24,6566748919887 17,4577144520446;77;21,8912815091049 21,8221430650558;84;27,3641018863811
13,268322549244;77;24,6566748919887 16,585403186555;63;30,8208436149859 21,8221430650558;63;27,3641018863811 17,4577144520446;77;21,8912815091049
16,585403186555;63;30,8208436149859 19,902483823866;56;36,9850123379831 26,1865716780669;56;32,8369222636573 21,8221430650558;63;27,3641018863811
19,902483823866;56;36,9850123379831 26,536645098488;42;49,3133497839774 34,9154289040892;42;43,7825630182098 26,1865716780669;56;32,8369222636573
26,536645098488;42;49,3133497839774 33,17080637311;21;61,6416872299718 43,6442861301115;21;54,7282037727623 34,9154289040892;42;43,7825630182098
33,17080637311;21;61,6416872299718 46,439128922354;-14;86,2983621219606 61,1020005821561;-14;76,6194852818671 43,6442861301115;21;54,7282037727623
46,439128922354;-14;86,2983621219606 46,439128922354;-42;86,2983621219606 61,1020005821561;-42;76,6194852818671 61,1020005821561;-14;76,6194852818671
46,439128922354;-42;86,2983621219606 46,439128922354;-70;86,2983621219606 61,1020005821561;-70;76,6194852818671 61,1020005821561;-42;76,6194852818671
46,439128922354;-70;86,2983621219606 43,122048285043;-91;80,1341933989633 56,7375719691449;-91;71,1466649045909 61,1020005821561;-70;76,6194852818671
43,122048285043;-91;80,1341933989633 23,219564461177;-98;43,1491810609803 30,551000291078;-98;38,3097426409336 56,7375719691449;-91;71,1466649045909
23,219564461177;-98;43,1491810609803 9,95124191193301;-98;18,4925061689915 13,0932858390335;-98;16,4184611318287 30,551000291078;-98;38,3097426409336
9,95124191193301;-98;18,4925061689915 0;-98;0 13,0932858390335;-98;16,4184611318287
0;56;0 13,0932858390335;77;16,4184611318287 15,8145007860759;77;13,816713244734
13,0932858390335;77;16,4184611318287 13,0932858390335;105;16,4184611318287 15,8145007860759;105;13,816713244734 15,8145007860759;77;13,816713244734
13,0932858390335;105;16,4184611318287 17,4577144520446;105;21,8912815091049 21,0860010481012;105;18,422284326312 15,8145007860759;105;13,816713244734
17,4577144520446;105;21,8912815091049 21,8221430650558;105;27,3641018863811 26,3575013101265;105;23,02785540789 21,0860010481012;105;18,422284326312
21,8221430650558;105;27,3641018863811 26,1865716780669;105;32,8369222636573 31,6290015721518;105;27,633426489468 26,3575013101265;105;23,02785540789
26,1865716780669;105;32,8369222636573 26,1865716780669;91;32,8369222636573 31,6290015721518;91;27,633426489468 31,6290015721518;105;27,633426489468
26,1865716780669;91;32,8369222636573 21,8221430650558;84;27,3641018863811 26,3575013101265;84;23,02785540789 31,6290015721518;91;27,633426489468
21,8221430650558;84;27,3641018863811 17,4577144520446;77;21,8912815091049 21,0860010481012;77;18,422284326312 26,3575013101265;84;23,02785540789
17,4577144520446;77;21,8912815091049 21,8221430650558;63;27,3641018863811 26,3575013101265;63;23,02785540789 21,0860010481012;77;18,422284326312
21,8221430650558;63;27,3641018863811 26,1865716780669;56;32,8369222636573 31,6290015721518;56;27,633426489468 26,3575013101265;63;23,02785540789
26,1865716780669;56;32,8369222636573 34,9154289040892;42;43,7825630182098 42,1720020962023;42;36,844568652624 31,6290015721518;56;27,633426489468
34,9154289040892;42;43,7825630182098 43,6442861301115;21;54,7282037727623 52,715002620253;21;46,05571081578 42,1720020962023;42;36,844568652624
43,6442861301115;21;54,7282037727623 61,1020005821561;-14;76,6194852818671 73,8010036683541;-14;64,477995142092 52,715002620253;21;46,05571081578
61,1020005821561;-14;76,6194852818671 61,1020005821561;-42;76,6194852818671 73,8010036683541;-42;64,477995142092 73,8010036683541;-14;64,477995142092
61,1020005821561;-42;76,6194852818671 61,1020005821561;-70;76,6194852818671 73,8010036683541;-70;64,477995142092 73,8010036683541;-42;64,477995142092
61,1020005821561;-70;76,6194852818671 56,7375719691449;-91;71,1466649045909 68,5295034063288;-91;59,872424060514 73,8010036683541;-70;64,477995142092
56,7375719691449;-91;71,1466649045909 30,551000291078;-98;38,3097426409336 36,900501834177;-98;32,238997571046 68,5295034063288;-91;59,872424060514
30,551000291078;-98;38,3097426409336 13,0932858390335;-98;16,4184611318287 15,8145007860759;-98;13,816713244734 36,900501834177;-98;32,238997571046
13,0932858390335;-98;16,4184611318287 0;-98;0 15,8145007860759;-98;13,816713244734
0;56;0 15,8145007860759;77;13,816713244734 18,0274246656392;77;10,770884825524
15,8145007860759;77;13,816713244734 15,8145007860759;105;13,816713244734 18,0274246656392;105;10,770884825524 18,0274246656392;77;10,770884825524
15,8145007860759;105;13,816713244734 21,0860010481012;105;18,422284326312 24,0365662208523;105;14,3611797673654 18,0274246656392;105;10,770884825524
21,0860010481012;105;18,422284326312 26,3575013101265;105;23,02785540789 30,0457077760654;105;17,9514747092068 24,0365662208523;105;14,3611797673654
26,3575013101265;105;23,02785540789 31,6290015721518;105;27,633426489468 36,0548493312785;105;21,5417696510481 30,0457077760654;105;17,9514747092068
31,6290015721518;105;27,633426489468 31,6290015721518;91;27,633426489468 36,0548493312785;91;21,5417696510481 36,0548493312785;105;21,5417696510481
31,6290015721518;91;27,633426489468 26,3575013101265;84;23,02785540789 30,0457077760654;84;17,9514747092068 36,0548493312785;91;21,5417696510481
26,3575013101265;84;23,02785540789 21,0860010481012;77;18,422284326312 24,0365662208523;77;14,3611797673654 30,0457077760654;84;17,9514747092068
21,0860010481012;77;18,422284326312 26,3575013101265;63;23,02785540789 30,0457077760654;63;17,9514747092068 24,0365662208523;77;14,3611797673654
26,3575013101265;63;23,02785540789 31,6290015721518;56;27,633426489468 36,0548493312785;56;21,5417696510481 30,0457077760654;63;17,9514747092068
31,6290015721518;56;27,633426489468 42,1720020962023;42;36,844568652624 48,0731324417046;42;28,7223595347308 36,0548493312785;56;21,5417696510481
42,1720020962023;42;36,844568652624 52,715002620253;21;46,05571081578 60,0914155521309;21;35,9029494184135 48,0731324417046;42;28,7223595347308
52,715002620253;21;46,05571081578 73,8010036683541;-14;64,477995142092 84,1279817729831;-14;50,2641291857789 60,0914155521309;21;35,9029494184135
73,8010036683541;-14;64,477995142092 73,8010036683541;-42;64,477995142092 84,1279817729831;-42;50,2641291857789 84,1279817729831;-14;50,2641291857789
73,8010036683541;-42;64,477995142092 73,8010036683541;-70;64,477995142092 84,1279817729831;-70;50,2641291857789 84,1279817729831;-42;50,2641291857789
73,8010036683541;-70;64,477995142092 68,5295034063288;-91;59,872424060514 78,11884021777;-91;46,6738342439375 84,1279817729831;-70;50,2641291857789
68,5295034063288;-91;59,872424060514 36,900501834177;-98;32,238997571046 42,0639908864916;-98;25,1320645928895 78,11884021777;-91;46,6738342439375
36,900501834177;-98;32,238997571046 15,8145007860759;-98;13,816713244734 18,0274246656392;-98;10,770884825524 42,0639908864916;-98;25,1320645928895
15,8145007860759;-98;13,816713244734 0;-98;0 18,0274246656392;-98;10,770884825524
0;56;0 18,0274246656392;77;10,770884825524 19,6609322834345;77;7,37887130570821
18,0274246656392;77;10,770884825524 18,0274246656392;105;10,770884825524 19,6609322834345;105;7,37887130570821 19,6609322834345;77;7,37887130570821
18,0274246656392;105;10,770884825524 24,0365662208523;105;14,3611797673654 26,2145763779127;105;9,83849507427761 19,6609322834345;105;7,37887130570821
24,0365662208523;105;14,3611797673654 30,0457077760654;105;17,9514747092068 32,7682204723909;105;12,298118842847 26,2145763779127;105;9,83849507427761
30,0457077760654;105;17,9514747092068 36,0548493312785;105;21,5417696510481 39,3218645668691;105;14,7577426114164 32,7682204723909;105;12,298118842847
36,0548493312785;105;21,5417696510481 36,0548493312785;91;21,5417696510481 39,3218645668691;91;14,7577426114164 39,3218645668691;105;14,7577426114164
36,0548493312785;91;21,5417696510481 30,0457077760654;84;17,9514747092068 32,7682204723909;84;12,298118842847 39,3218645668691;91;14,7577426114164
30,0457077760654;84;17,9514747092068 24,0365662208523;77;14,3611797673654 26,2145763779127;77;9,83849507427761 32,7682204723909;84;12,298118842847
24,0365662208523;77;14,3611797673654 30,0457077760654;63;17,9514747092068 32,7682204723909;63;12,298118842847 26,2145763779127;77;9,83849507427761
30,0457077760654;63;17,9514747092068 36,0548493312785;56;21,5417696510481 39,3218645668691;56;14,7577426114164 32,7682204723909;63;12,298118842847
36,0548493312785;56;21,5417696510481 48,0731324417046;42;28,7223595347308 52,4291527558254;42;19,6769901485552 39,3218645668691;56;14,7577426114164
48,0731324417046;42;28,7223595347308 60,0914155521309;21;35,9029494184135 65,5364409447818;21;24,5962376856941 52,4291527558254;42;19,6769901485552
60,0914155521309;21;35,9029494184135 84,1279817729831;-14;50,2641291857789 91,7510173226945;-14;34,4347327599716 65,5364409447818;21;24,5962376856941
84,1279817729831;-14;50,2641291857789 84,1279817729831;-42;50,2641291857789 91,7510173226945;-42;34,4347327599716 91,7510173226945;-14;34,4347327599716
84,1279817729831;-42;50,2641291857789 84,1279817729831;-70;50,2641291857789 91,7510173226945;-70;34,4347327599716 91,7510173226945;-42;34,4347327599716
84,1279817729831;-70;50,2641291857789 78,11884021777;-91;46,6738342439375 85,1973732282163;-91;31,9751089914022 91,7510173226945;-70;34,4347327599716
78,11884021777;-91;46,6738342439375 42,0639908864916;-98;25,1320645928895 45,8755086613473;-98;17,2173663799858 85,1973732282163;-91;31,9751089914022
42,0639908864916;-98;25,1320645928895 18,0274246656392;-98;10,770884825524 19,6609322834345;-98;7,37887130570821 45,8755086613473;-98;17,2173663799858
18,0274246656392;-98;10,770884825524 0;-98;0 19,6609322834345;-98;7,37887130570821
0;56;0 19,6609322834345;77;7,37887130570821 20,6625213605713;77;3,74969479077137
19,6609322834345;77;7,37887130570821 19,6609322834345;105;7,37887130570821 20,6625213605713;105;3,74969479077137 20,6625213605713;77;3,74969479077137
19,6609322834345;105;7,37887130570821 26,2145763779127;105;9,83849507427761 27,5500284807617;105;4,99959305436183 20,6625213605713;105;3,74969479077137
26,2145763779127;105;9,83849507427761 32,7682204723909;105;12,298118842847 34,4375356009522;105;6,2494913179523 27,5500284807617;105;4,99959305436183
32,7682204723909;105;12,298118842847 39,3218645668691;105;14,7577426114164 41,3250427211426;105;7,49938958154274 34,4375356009522;105;6,2494913179523
39,3218645668691;105;14,7577426114164 39,3218645668691;91;14,7577426114164 41,3250427211426;91;7,49938958154274 41,3250427211426;105;7,49938958154274
39,3218645668691;91;14,7577426114164 32,7682204723909;84;12,298118842847 34,4375356009522;84;6,2494913179523 41,3250427211426;91;7,49938958154274
32,7682204723909;84;12,298118842847 26,2145763779127;77;9,83849507427761 27,5500284807617;77;4,99959305436183 34,4375356009522;84;6,2494913179523
26,2145763779127;77;9,83849507427761 32,7682204723909;63;12,298118842847 34,4375356009522;63;6,2494913179523 27,5500284807617;77;4,99959305436183
32,7682204723909;63;12,298118842847 39,3218645668691;56;14,7577426114164 41,3250427211426;56;7,49938958154274 34,4375356009522;63;6,2494913179523
39,3218645668691;56;14,7577426114164 52,4291527558254;42;19,6769901485552 55,1000569615234;42;9,99918610872365 41,3250427211426;56;7,49938958154274
52,4291527558254;42;19,6769901485552 65,5364409447818;21;24,5962376856941 68,8750712019043;21;12,4989826359046 55,1000569615234;42;9,99918610872365
65,5364409447818;21;24,5962376856941 91,7510173226945;-14;34,4347327599716 96,425099682666;-14;17,4985756902664 68,8750712019043;21;12,4989826359046
91,7510173226945;-14;34,4347327599716 91,7510173226945;-42;34,4347327599716 96,425099682666;-42;17,4985756902664 96,425099682666;-14;17,4985756902664
91,7510173226945;-42;34,4347327599716 91,7510173226945;-70;34,4347327599716 96,425099682666;-70;17,4985756902664 96,425099682666;-42;17,4985756902664
91,7510173226945;-70;34,4347327599716 85,1973732282163;-91;31,9751089914022 89,5375925624755;-91;16,2486774266759 96,425099682666;-70;17,4985756902664
85,1973732282163;-91;31,9751089914022 45,8755086613473;-98;17,2173663799858 48,212549841333;-98;8,7492878451332 89,5375925624755;-91;16,2486774266759
45,8755086613473;-98;17,2173663799858 19,6609322834345;-98;7,37887130570821 20,6625213605713;-98;3,74969479077137 48,212549841333;-98;8,7492878451332
19,6609322834345;-98;7,37887130570821 0;-98;0 20,6625213605713;-98;3,74969479077137
0;56;0 20,6625213605713;77;3,74969479077137 21;77;0
20,6625213605713;77;3,74969479077137 20,6625213605713;105;3,74969479077137 21;105;0 21;77;0
20,6625213605713;105;3,74969479077137 27,5500284807617;105;4,99959305436183 28;105;0 21;105;0
27,5500284807617;105;4,99959305436183 34,4375356009522;105;6,2494913179523 35;105;0 28;105;0
34,4375356009522;105;6,2494913179523 41,3250427211426;105;7,49938958154274 42;105;0 35;105;0
41,3250427211426;105;7,49938958154274 41,3250427211426;91;7,49938958154274 42;91;0 42;105;0
41,3250427211426;91;7,49938958154274 34,4375356009522;84;6,2494913179523 35;84;0 42;91;0
34,4375356009522;84;6,2494913179523 27,5500284807617;77;4,99959305436183 28;77;0 35;84;0
27,5500284807617;77;4,99959305436183 34,4375356009522;63;6,2494913179523 35;63;0 28;77;0
34,4375356009522;63;6,2494913179523 41,3250427211426;56;7,49938958154274 42;56;0 35;63;0
41,3250427211426;56;7,49938958154274 55,1000569615234;42;9,99918610872365 56;42;0 42;56;0
55,1000569615234;42;9,99918610872365 68,8750712019043;21;12,4989826359046 70;21;0 56;42;0
68,8750712019043;21;12,4989826359046 96,425099682666;-14;17,4985756902664 98;-14;0 70;21;0
96,425099682666;-14;17,4985756902664 96,425099682666;-42;17,4985756902664 98;-42;0 98;-14;0
96,425099682666;-42;17,4985756902664 96,425099682666;-70;17,4985756902664 98;-70;0 98;-42;0
96,425099682666;-70;17,4985756902664 89,5375925624755;-91;16,2486774266759 91;-91;0 98;-70;0
89,5375925624755;-91;16,2486774266759 48,212549841333;-98;8,7492878451332 49;-98;0 91;-91;0
48,212549841333;-98;8,7492878451332 20,6625213605713;-98;3,74969479077137 21;-98;0 49;-98;0
20,6625213605713;-98;3,74969479077137 0;-98;0 21;-98;0
