v 0 -91 0
v 56 -84 0
v 54.7762656410931 -84 -11.6430546857945
v 63 -56 0
v 61.6232988462298 -56 -13.0984365215188
v 70 -28 0
v 68.4703320513664 -28 -14.5538183572432
v 56 -7 0
v 54.7762656410931 -7 -11.6430546857945
v 35 7 0
v 34.2351660256832 7 -7.27690917862158
v 14 28 0
v 13.6940664102733 28 -2.91076367144863
v 14 42 0
v 13.6940664102733 42 -2.91076367144863
v 14 56 0
v 13.6940664102733 56 -2.91076367144863
v 42 70 0
v 41.0821992308198 70 -8.73229101434589
v 28 49 0
v 27.3881328205466 49 -5.82152734289726
v 28 28 0
v 27.3881328205466 28 -5.82152734289726
v 70 0 0
v 68.4703320513664 0 -14.5538183572432
v 84 -70 0
v 82.1643984616397 -70 -17.4645820286918
v 42 -98 0
v 41.0821992308198 -98 -8.73229101434589
v 0 -98 0
v 0 -91 0
v 51.1585456279856 -84 -22.7772520122448
v 57.5533638314838 -56 -25.6244085137754
v 63.9481820349821 -28 -28.471565015306
v 51.1585456279856 -7 -22.7772520122448
v 31.974091017491 7 -14.235782507653
v 12.7896364069964 28 -5.6943130030612
v 12.7896364069964 42 -5.6943130030612
v 12.7896364069964 56 -5.6943130030612
v 38.3689092209892 70 -17.0829390091836
v 25.5792728139928 49 -11.3886260061224
v 25.5792728139928 28 -11.3886260061224
v 63.9481820349821 0 -28.471565015306
v 76.7378184419785 -70 -34.1658780183672
v 38.3689092209892 -98 -17.0829390091836
v 0 -98 0
v 0 -91 0
v 45.304951684997 -84 -32.9159741283785
v 50.9680706456217 -56 -37.0304708944258
v 56.6311896062463 -28 -41.1449676604731
v 45.304951684997 -7 -32.9159741283785
v 28.3155948031232 7 -20.5724838302366
v 11.3262379212493 28 -8.22899353209462
v 11.3262379212493 42 -8.22899353209462
v 11.3262379212493 56 -8.22899353209462
v 33.9787137637478 70 -24.6869805962839
v 22.6524758424985 49 -16.4579870641892
v 22.6524758424985 28 -16.4579870641892
v 56.6311896062463 0 -41.1449676604731
v 67.9574275274956 -70 -49.3739611925677
v 33.9787137637478 -98 -24.6869805962839
v 0 -98 0
v 0 -91 0
v 37.471313956096 -84 -41.6161102267341
v 42.1552282006081 -56 -46.8181240050758
v 46.8391424451201 -28 -52.0201377834176
v 37.471313956096 -7 -41.6161102267341
v 23.41957122256 7 -26.0100688917088
v 9.36782848902401 28 -10.4040275566835
v 9.36782848902401 42 -10.4040275566835
v 9.36782848902401 56 -10.4040275566835
v 28.103485467072 70 -31.2120826700505
v 18.735656978048 49 -20.808055113367
v 18.735656978048 28 -20.808055113367
v 46.8391424451201 0 -52.0201377834176
v 56.2069709341441 -70 -62.4241653401011
v 28.103485467072 -98 -31.2120826700505
v 0 -98 0
v 0 -91 0
v 28 -84 -48.4974226119285
v 31.5 -56 -54.5596004384196
v 35 -28 -60.6217782649107
v 28 -7 -48.4974226119285
v 17.5 7 -30.3108891324553
v 6.99999999999999 28 -12.1243556529821
v 6.99999999999999 42 -12.1243556529821
v 6.99999999999999 56 -12.1243556529821
v 21 70 -36.3730669589464
v 14 49 -24.2487113059643
v 14 28 -24.2487113059643
v 35 0 -60.6217782649107
v 42 -70 -72.7461339178928
v 21 -98 -36.3730669589464
v 0 -98 0
v 0 -91 0
v 17.304951684997 -84 -53.2591649125286
v 19.4680706456217 -56 -59.9165605265947
v 21.6311896062463 -28 -66.5739561406607
v 17.304951684997 -7 -53.2591649125286
v 10.8155948031232 7 -33.2869780703304
v 4.32623792124926 28 -13.3147912281321
v 4.32623792124926 42 -13.3147912281321
v 4.32623792124926 56 -13.3147912281321
v 12.9787137637478 70 -39.9443736843964
v 8.65247584249852 49 -26.6295824562643
v 8.65247584249852 28 -26.6295824562643
v 21.6311896062463 0 -66.5739561406607
v 25.9574275274956 -70 -79.8887473687929
v 12.9787137637478 -98 -39.9443736843964
v 0 -98 0
v 0 -91 0
v 5.85359394298858 -84 -55.6932261406233
v 6.58529318586216 -56 -62.6548794082012
v 7.31699242873573 -28 -69.6165326757791
v 5.85359394298858 -7 -55.6932261406233
v 3.65849621436787 7 -34.8082663378895
v 1.46339848574714 28 -13.9233065351558
v 1.46339848574714 42 -13.9233065351558
v 1.46339848574714 56 -13.9233065351558
v 4.39019545724145 70 -41.7699196054675
v 2.92679697149429 49 -27.8466130703116
v 2.92679697149429 28 -27.8466130703116
v 7.31699242873573 0 -69.6165326757791
v 8.7803909144829 -70 -83.5398392109349
v 4.39019545724145 -98 -41.7699196054675
v 0 -98 0
v 0 -91 0
v -5.8535939429886 -84 -55.6932261406233
v -6.58529318586217 -56 -62.6548794082012
v -7.31699242873574 -28 -69.6165326757791
v -5.8535939429886 -7 -55.6932261406233
v -3.65849621436787 7 -34.8082663378895
v -1.46339848574715 28 -13.9233065351558
v -1.46339848574715 42 -13.9233065351558
v -1.46339848574715 56 -13.9233065351558
v -4.39019545724144 70 -41.7699196054675
v -2.9267969714943 49 -27.8466130703116
v -2.9267969714943 28 -27.8466130703116
v -7.31699242873574 0 -69.6165326757791
v -8.78039091448288 -70 -83.5398392109349
v -4.39019545724144 -98 -41.7699196054675
v 0 -98 0
v 0 -91 0
v -17.3049516849971 -84 -53.2591649125286
v -19.4680706456217 -56 -59.9165605265946
v -21.6311896062463 -28 -66.5739561406607
v -17.3049516849971 -7 -53.2591649125286
v -10.8155948031232 7 -33.2869780703303
v -4.32623792124926 28 -13.3147912281321
v -4.32623792124926 42 -13.3147912281321
v -4.32623792124926 56 -13.3147912281321
v -12.9787137637478 70 -39.9443736843964
v -8.65247584249853 49 -26.6295824562643
v -8.65247584249853 28 -26.6295824562643
v -21.6311896062463 0 -66.5739561406607
v -25.9574275274956 -70 -79.8887473687928
v -12.9787137637478 -98 -39.9443736843964
v 0 -98 0
v 0 -91 0
v -28 -84 -48.4974226119285
v -31.5 -56 -54.5596004384196
v -35 -28 -60.6217782649106
v -28 -7 -48.4974226119285
v -17.5 7 -30.3108891324553
v -7 28 -12.1243556529821
v -7 42 -12.1243556529821
v -7 56 -12.1243556529821
v -21 70 -36.3730669589464
v -14 49 -24.2487113059643
v -14 28 -24.2487113059643
v -35 0 -60.6217782649106
v -42 -70 -72.7461339178928
v -21 -98 -36.3730669589464
v 0 -98 0
v 0 -91 0
v -37.471313956096 -84 -41.616110226734
v -42.155228200608 -56 -46.8181240050758
v -46.83914244512 -28 -52.0201377834175
v -37.471313956096 -7 -41.616110226734
v -23.41957122256 7 -26.0100688917088
v -9.36782848902401 28 -10.4040275566835
v -9.36782848902401 42 -10.4040275566835
v -9.36782848902401 56 -10.4040275566835
v -28.103485467072 70 -31.2120826700505
v -18.735656978048 49 -20.808055113367
v -18.735656978048 28 -20.808055113367
v -46.83914244512 0 -52.0201377834175
v -56.206970934144 -70 -62.424165340101
v -28.103485467072 -98 -31.2120826700505
v 0 -98 0
v 0 -91 0
v -45.304951684997 -84 -32.9159741283784
v -50.9680706456216 -56 -37.0304708944258
v -56.6311896062463 -28 -41.1449676604731
v -45.304951684997 -7 -32.9159741283784
v -28.3155948031231 7 -20.5724838302365
v -11.3262379212493 28 -8.22899353209461
v -11.3262379212493 42 -8.22899353209461
v -11.3262379212493 56 -8.22899353209461
v -33.9787137637477 70 -24.6869805962838
v -22.6524758424985 49 -16.4579870641892
v -22.6524758424985 28 -16.4579870641892
v -56.6311896062463 0 -41.1449676604731
v -67.9574275274955 -70 -49.3739611925677
v -33.9787137637477 -98 -24.6869805962838
v 0 -98 0
v 0 -91 0
v -51.1585456279856 -84 -22.7772520122448
v -57.5533638314838 -56 -25.6244085137754
v -63.948182034982 -28 -28.471565015306
v -51.1585456279856 -7 -22.7772520122448
v -31.974091017491 7 -14.235782507653
v -12.7896364069964 28 -5.69431300306119
v -12.7896364069964 42 -5.69431300306119
v -12.7896364069964 56 -5.69431300306119
v -38.3689092209892 70 -17.0829390091836
v -25.5792728139928 49 -11.3886260061224
v -25.5792728139928 28 -11.3886260061224
v -63.948182034982 0 -28.471565015306
v -76.7378184419784 -70 -34.1658780183672
v -38.3689092209892 -98 -17.0829390091836
v 0 -98 0
v 0 -91 0
v -54.776265641093 -84 -11.6430546857945
v -61.6232988462297 -56 -13.0984365215188
v -68.4703320513663 -28 -14.5538183572431
v -54.776265641093 -7 -11.6430546857945
v -34.2351660256831 7 -7.27690917862156
v -13.6940664102733 28 -2.91076367144862
v -13.6940664102733 42 -2.91076367144862
v -13.6940664102733 56 -2.91076367144862
v -41.0821992308198 70 -8.73229101434588
v -27.3881328205465 49 -5.82152734289724
v -27.3881328205465 28 -5.82152734289724
v -68.4703320513663 0 -14.5538183572431
v -82.1643984616396 -70 -17.4645820286918
v -41.0821992308198 -98 -8.73229101434588
v 0 -98 0
v 0 -91 0
v -55.9999999999999 -84 2.22044604925031E-14
v -62.9999999999999 -56 5.32907051820075E-15
v -69.9999999999999 -28 1.4210854715202E-14
v -55.9999999999999 -7 2.22044604925031E-14
v -34.9999999999999 7 7.105427357601E-15
v -14 28 5.55111512312578E-15
v -14 42 5.55111512312578E-15
v -14 56 5.55111512312578E-15
v -41.9999999999999 70 1.77635683940025E-15
v -28 49 1.11022302462516E-14
v -28 28 1.11022302462516E-14
v -69.9999999999999 0 1.4210854715202E-14
v -83.9999999999999 -70 3.5527136788005E-15
v -41.9999999999999 -98 1.77635683940025E-15
v 0 -98 0
v 0 -91 0
v -54.776265641093 -84 11.6430546857945
v -61.6232988462297 -56 13.0984365215188
v -68.4703320513663 -28 14.5538183572431
v -54.776265641093 -7 11.6430546857945
v -34.2351660256831 7 7.27690917862157
v -13.6940664102733 28 2.91076367144863
v -13.6940664102733 42 2.91076367144863
v -13.6940664102733 56 2.91076367144863
v -41.0821992308198 70 8.73229101434588
v -27.3881328205465 49 5.82152734289726
v -27.3881328205465 28 5.82152734289726
v -68.4703320513663 0 14.5538183572431
v -82.1643984616395 -70 17.4645820286918
v -41.0821992308198 -98 8.73229101434588
v 0 -98 0
v 0 -91 0
v -51.1585456279856 -84 22.7772520122448
v -57.5533638314838 -56 25.6244085137754
v -63.9481820349819 -28 28.471565015306
v -51.1585456279856 -7 22.7772520122448
v -31.974091017491 7 14.235782507653
v -12.7896364069964 28 5.6943130030612
v -12.7896364069964 42 5.6943130030612
v -12.7896364069964 56 5.6943130030612
v -38.3689092209892 70 17.0829390091836
v -25.5792728139928 49 11.3886260061224
v -25.5792728139928 28 11.3886260061224
v -63.9481820349819 0 28.471565015306
v -76.7378184419783 -70 34.1658780183672
v -38.3689092209892 -98 17.0829390091836
v 0 -98 0
v 0 -91 0
v -45.304951684997 -84 32.9159741283785
v -50.9680706456216 -56 37.0304708944257
v -56.6311896062462 -28 41.1449676604731
v -45.304951684997 -7 32.9159741283785
v -28.3155948031231 7 20.5724838302365
v -11.3262379212492 28 8.22899353209461
v -11.3262379212492 42 8.22899353209461
v -11.3262379212492 56 8.22899353209461
v -33.9787137637477 70 24.6869805962838
v -22.6524758424985 49 16.4579870641892
v -22.6524758424985 28 16.4579870641892
v -56.6311896062462 0 41.1449676604731
v -67.9574275274955 -70 49.3739611925677
v -33.9787137637477 -98 24.6869805962838
v 0 -98 0
v 0 -91 0
v -37.471313956096 -84 41.616110226734
v -42.155228200608 -56 46.8181240050758
v -46.83914244512 -28 52.0201377834175
v -37.471313956096 -7 41.616110226734
v -23.41957122256 7 26.0100688917087
v -9.36782848902399 28 10.4040275566835
v -9.36782848902399 42 10.4040275566835
v -9.36782848902399 56 10.4040275566835
v -28.103485467072 70 31.2120826700505
v -18.735656978048 49 20.808055113367
v -18.735656978048 28 20.808055113367
v -46.83914244512 0 52.0201377834175
v -56.206970934144 -70 62.424165340101
v -28.103485467072 -98 31.2120826700505
v 0 -98 0
v 0 -91 0
v -27.9999999999999 -84 48.4974226119285
v -31.4999999999999 -56 54.5596004384195
v -34.9999999999999 -28 60.6217782649106
v -27.9999999999999 -7 48.4974226119285
v -17.5 7 30.3108891324553
v -6.99999999999998 28 12.1243556529821
v -6.99999999999998 42 12.1243556529821
v -6.99999999999998 56 12.1243556529821
v -21 70 36.3730669589464
v -14 49 24.2487113059642
v -14 28 24.2487113059642
v -34.9999999999999 0 60.6217782649106
v -41.9999999999999 -70 72.7461339178927
v -21 -98 36.3730669589464
v 0 -98 0
v 0 -91 0
v -17.304951684997 -84 53.2591649125285
v -19.4680706456216 -56 59.9165605265946
v -21.6311896062463 -28 66.5739561406606
v -17.304951684997 -7 53.2591649125285
v -10.8155948031231 7 33.2869780703303
v -4.32623792124925 28 13.3147912281321
v -4.32623792124925 42 13.3147912281321
v -4.32623792124925 56 13.3147912281321
v -12.9787137637478 70 39.9443736843964
v -8.6524758424985 49 26.6295824562642
v -8.6524758424985 28 26.6295824562642
v -21.6311896062463 0 66.5739561406606
v -25.9574275274955 -70 79.8887473687927
v -12.9787137637478 -98 39.9443736843964
v 0 -98 0
v 0 -91 0
v -5.85359394298856 -84 55.6932261406232
v -6.58529318586215 -56 62.6548794082011
v -7.3169924287357 -28 69.616532675779
v -5.85359394298856 -7 55.6932261406232
v -3.65849621436785 7 34.8082663378895
v -1.46339848574714 28 13.9233065351558
v -1.46339848574714 42 13.9233065351558
v -1.46339848574714 56 13.9233065351558
v -4.39019545724143 70 41.7699196054674
v -2.92679697149428 49 27.8466130703116
v -2.92679697149428 28 27.8466130703116
v -7.3169924287357 0 69.616532675779
v -8.78039091448287 -70 83.5398392109348
v -4.39019545724143 -98 41.7699196054674
v 0 -98 0
v 0 -91 0
v 5.85359394298861 -84 55.6932261406232
v 6.58529318586216 -56 62.6548794082011
v 7.31699242873575 -28 69.616532675779
v 5.85359394298861 -7 55.6932261406232
v 3.65849621436787 7 34.8082663378895
v 1.46339848574715 28 13.9233065351558
v 1.46339848574715 42 13.9233065351558
v 1.46339848574715 56 13.9233065351558
v 4.39019545724144 70 41.7699196054674
v 2.9267969714943 49 27.8466130703116
v 2.9267969714943 28 27.8466130703116
v 7.31699242873575 0 69.616532675779
v 8.78039091448287 -70 83.5398392109348
v 4.39019545724144 -98 41.7699196054674
v 0 -98 0
v 0 -91 0
v 17.304951684997 -84 53.2591649125285
v 19.4680706456217 -56 59.9165605265945
v 21.6311896062463 -28 66.5739561406606
v 17.304951684997 -7 53.2591649125285
v 10.8155948031231 7 33.2869780703303
v 4.32623792124926 28 13.3147912281321
v 4.32623792124926 42 13.3147912281321
v 4.32623792124926 56 13.3147912281321
v 12.9787137637478 70 39.9443736843963
v 8.65247584249852 49 26.6295824562642
v 8.65247584249852 28 26.6295824562642
v 21.6311896062463 0 66.5739561406606
v 25.9574275274955 -70 79.8887473687927
v 12.9787137637478 -98 39.9443736843963
v 0 -98 0
v 0 -91 0
v 28 -84 48.4974226119284
v 31.4999999999999 -56 54.5596004384195
v 34.9999999999999 -28 60.6217782649105
v 28 -7 48.4974226119284
v 17.5 7 30.3108891324553
v 6.99999999999999 28 12.1243556529821
v 6.99999999999999 42 12.1243556529821
v 6.99999999999999 56 12.1243556529821
v 20.9999999999999 70 36.3730669589463
v 14 49 24.2487113059642
v 14 28 24.2487113059642
v 34.9999999999999 0 60.6217782649105
v 41.9999999999999 -70 72.7461339178927
v 20.9999999999999 -98 36.3730669589463
v 0 -98 0
v 0 -91 0
v 37.471313956096 -84 41.616110226734
v 42.155228200608 -56 46.8181240050757
v 46.83914244512 -28 52.0201377834174
v 37.471313956096 -7 41.616110226734
v 23.41957122256 7 26.0100688917087
v 9.367828489024 28 10.4040275566835
v 9.367828489024 42 10.4040275566835
v 9.367828489024 56 10.4040275566835
v 28.103485467072 70 31.2120826700505
v 18.735656978048 49 20.808055113367
v 18.735656978048 28 20.808055113367
v 46.83914244512 0 52.0201377834174
v 56.2069709341439 -70 62.4241653401009
v 28.103485467072 -98 31.2120826700505
v 0 -98 0
v 0 -91 0
v 45.304951684997 -84 32.9159741283784
v 50.9680706456216 -56 37.0304708944257
v 56.6311896062462 -28 41.144967660473
v 45.304951684997 -7 32.9159741283784
v 28.3155948031231 7 20.5724838302365
v 11.3262379212492 28 8.2289935320946
v 11.3262379212492 42 8.2289935320946
v 11.3262379212492 56 8.2289935320946
v 33.9787137637477 70 24.6869805962838
v 22.6524758424985 49 16.4579870641892
v 22.6524758424985 28 16.4579870641892
v 56.6311896062462 0 41.144967660473
v 67.9574275274954 -70 49.3739611925676
v 33.9787137637477 -98 24.6869805962838
v 0 -98 0
v 0 -91 0
v 51.1585456279855 -84 22.7772520122447
v 57.5533638314837 -56 25.6244085137753
v 63.9481820349819 -28 28.4715650153059
v 51.1585456279855 -7 22.7772520122447
v 31.9740910174909 7 14.2357825076529
v 12.7896364069964 28 5.69431300306118
v 12.7896364069964 42 5.69431300306118
v 12.7896364069964 56 5.69431300306118
v 38.3689092209891 70 17.0829390091836
v 25.5792728139928 49 11.3886260061224
v 25.5792728139928 28 11.3886260061224
v 63.9481820349819 0 28.4715650153059
v 76.7378184419782 -70 34.1658780183671
v 38.3689092209891 -98 17.0829390091836
v 0 -98 0
v 0 -91 0
v 54.7762656410929 -84 11.6430546857945
v 61.6232988462296 -56 13.0984365215188
v 68.4703320513662 -28 14.5538183572431
v 54.7762656410929 -7 11.6430546857945
v 34.2351660256831 7 7.27690917862154
v 13.6940664102732 28 2.91076367144862
v 13.6940664102732 42 2.91076367144862
v 13.6940664102732 56 2.91076367144862
v 41.0821992308197 70 8.73229101434587
v 27.3881328205465 49 5.82152734289723
v 27.3881328205465 28 5.82152734289723
v 68.4703320513662 0 14.5538183572431
v 82.1643984616394 -70 17.4645820286917
v 41.0821992308197 -98 8.73229101434587
v 0 -98 0
v 0 -91 0
v 0 -98 0
f 1 2 3
f 2 4 5
f 2 5 3
f 4 6 7
f 4 7 5
f 6 8 9
f 6 9 7
f 8 10 11
f 8 11 9
f 10 12 13
f 10 13 11
f 12 14 15
f 12 15 13
f 14 16 17
f 14 17 15
f 16 18 19
f 16 19 17
f 18 20 21
f 18 21 19
f 20 14 15
f 20 15 21
f 14 22 23
f 14 23 15
f 22 24 25
f 22 25 23
f 24 26 27
f 24 27 25
f 26 28 29
f 26 29 27
f 28 30 29
f 31 3 32
f 3 5 33
f 3 33 32
f 5 7 34
f 5 34 33
f 7 9 35
f 7 35 34
f 9 11 36
f 9 36 35
f 11 13 37
f 11 37 36
f 13 15 38
f 13 38 37
f 15 17 39
f 15 39 38
f 17 19 40
f 17 40 39
f 19 21 41
f 19 41 40
f 21 15 38
f 21 38 41
f 15 23 42
f 15 42 38
f 23 25 43
f 23 43 42
f 25 27 44
f 25 44 43
f 27 29 45
f 27 45 44
f 29 46 45
f 47 32 48
f 32 33 49
f 32 49 48
f 33 34 50
f 33 50 49
f 34 35 51
f 34 51 50
f 35 36 52
f 35 52 51
f 36 37 53
f 36 53 52
f 37 38 54
f 37 54 53
f 38 39 55
f 38 55 54
f 39 40 56
f 39 56 55
f 40 41 57
f 40 57 56
f 41 38 54
f 41 54 57
f 38 42 58
f 38 58 54
f 42 43 59
f 42 59 58
f 43 44 60
f 43 60 59
f 44 45 61
f 44 61 60
f 45 62 61
f 63 48 64
f 48 49 65
f 48 65 64
f 49 50 66
f 49 66 65
f 50 51 67
f 50 67 66
f 51 52 68
f 51 68 67
f 52 53 69
f 52 69 68
f 53 54 70
f 53 70 69
f 54 55 71
f 54 71 70
f 55 56 72
f 55 72 71
f 56 57 73
f 56 73 72
f 57 54 70
f 57 70 73
f 54 58 74
f 54 74 70
f 58 59 75
f 58 75 74
f 59 60 76
f 59 76 75
f 60 61 77
f 60 77 76
f 61 78 77
f 79 64 80
f 64 65 81
f 64 81 80
f 65 66 82
f 65 82 81
f 66 67 83
f 66 83 82
f 67 68 84
f 67 84 83
f 68 69 85
f 68 85 84
f 69 70 86
f 69 86 85
f 70 71 87
f 70 87 86
f 71 72 88
f 71 88 87
f 72 73 89
f 72 89 88
f 73 70 86
f 73 86 89
f 70 74 90
f 70 90 86
f 74 75 91
f 74 91 90
f 75 76 92
f 75 92 91
f 76 77 93
f 76 93 92
f 77 94 93
f 95 80 96
f 80 81 97
f 80 97 96
f 81 82 98
f 81 98 97
f 82 83 99
f 82 99 98
f 83 84 100
f 83 100 99
f 84 85 101
f 84 101 100
f 85 86 102
f 85 102 101
f 86 87 103
f 86 103 102
f 87 88 104
f 87 104 103
f 88 89 105
f 88 105 104
f 89 86 102
f 89 102 105
f 86 90 106
f 86 106 102
f 90 91 107
f 90 107 106
f 91 92 108
f 91 108 107
f 92 93 109
f 92 109 108
f 93 110 109
f 111 96 112
f 96 97 113
f 96 113 112
f 97 98 114
f 97 114 113
f 98 99 115
f 98 115 114
f 99 100 116
f 99 116 115
f 100 101 117
f 100 117 116
f 101 102 118
f 101 118 117
f 102 103 119
f 102 119 118
f 103 104 120
f 103 120 119
f 104 105 121
f 104 121 120
f 105 102 118
f 105 118 121
f 102 106 122
f 102 122 118
f 106 107 123
f 106 123 122
f 107 108 124
f 107 124 123
f 108 109 125
f 108 125 124
f 109 126 125
f 127 112 128
f 112 113 129
f 112 129 128
f 113 114 130
f 113 130 129
f 114 115 131
f 114 131 130
f 115 116 132
f 115 132 131
f 116 117 133
f 116 133 132
f 117 118 134
f 117 134 133
f 118 119 135
f 118 135 134
f 119 120 136
f 119 136 135
f 120 121 137
f 120 137 136
f 121 118 134
f 121 134 137
f 118 122 138
f 118 138 134
f 122 123 139
f 122 139 138
f 123 124 140
f 123 140 139
f 124 125 141
f 124 141 140
f 125 142 141
f 143 128 144
f 128 129 145
f 128 145 144
f 129 130 146
f 129 146 145
f 130 131 147
f 130 147 146
f 131 132 148
f 131 148 147
f 132 133 149
f 132 149 148
f 133 134 150
f 133 150 149
f 134 135 151
f 134 151 150
f 135 136 152
f 135 152 151
f 136 137 153
f 136 153 152
f 137 134 150
f 137 150 153
f 134 138 154
f 134 154 150
f 138 139 155
f 138 155 154
f 139 140 156
f 139 156 155
f 140 141 157
f 140 157 156
f 141 158 157
f 159 144 160
f 144 145 161
f 144 161 160
f 145 146 162
f 145 162 161
f 146 147 163
f 146 163 162
f 147 148 164
f 147 164 163
f 148 149 165
f 148 165 164
f 149 150 166
f 149 166 165
f 150 151 167
f 150 167 166
f 151 152 168
f 151 168 167
f 152 153 169
f 152 169 168
f 153 150 166
f 153 166 169
f 150 154 170
f 150 170 166
f 154 155 171
f 154 171 170
f 155 156 172
f 155 172 171
f 156 157 173
f 156 173 172
f 157 174 173
f 175 160 176
f 160 161 177
f 160 177 176
f 161 162 178
f 161 178 177
f 162 163 179
f 162 179 178
f 163 164 180
f 163 180 179
f 164 165 181
f 164 181 180
f 165 166 182
f 165 182 181
f 166 167 183
f 166 183 182
f 167 168 184
f 167 184 183
f 168 169 185
f 168 185 184
f 169 166 182
f 169 182 185
f 166 170 186
f 166 186 182
f 170 171 187
f 170 187 186
f 171 172 188
f 171 188 187
f 172 173 189
f 172 189 188
f 173 190 189
f 191 176 192
f 176 177 193
f 176 193 192
f 177 178 194
f 177 194 193
f 178 179 195
f 178 195 194
f 179 180 196
f 179 196 195
f 180 181 197
f 180 197 196
f 181 182 198
f 181 198 197
f 182 183 199
f 182 199 198
f 183 184 200
f 183 200 199
f 184 185 201
f 184 201 200
f 185 182 198
f 185 198 201
f 182 186 202
f 182 202 198
f 186 187 203
f 186 203 202
f 187 188 204
f 187 204 203
f 188 189 205
f 188 205 204
f 189 206 205
f 207 192 208
f 192 193 209
f 192 209 208
f 193 194 210
f 193 210 209
f 194 195 211
f 194 211 210
f 195 196 212
f 195 212 211
f 196 197 213
f 196 213 212
f 197 198 214
f 197 214 213
f 198 199 215
f 198 215 214
f 199 200 216
f 199 216 215
f 200 201 217
f 200 217 216
f 201 198 214
f 201 214 217
f 198 202 218
f 198 218 214
f 202 203 219
f 202 219 218
f 203 204 220
f 203 220 219
f 204 205 221
f 204 221 220
f 205 222 221
f 223 208 224
f 208 209 225
f 208 225 224
f 209 210 226
f 209 226 225
f 210 211 227
f 210 227 226
f 211 212 228
f 211 228 227
f 212 213 229
f 212 229 228
f 213 214 230
f 213 230 229
f 214 215 231
f 214 231 230
f 215 216 232
f 215 232 231
f 216 217 233
f 216 233 232
f 217 214 230
f 217 230 233
f 214 218 234
f 214 234 230
f 218 219 235
f 218 235 234
f 219 220 236
f 219 236 235
f 220 221 237
f 220 237 236
f 221 238 237
f 239 224 240
f 224 225 241
f 224 241 240
f 225 226 242
f 225 242 241
f 226 227 243
f 226 243 242
f 227 228 244
f 227 244 243
f 228 229 245
f 228 245 244
f 229 230 246
f 229 246 245
f 230 231 247
f 230 247 246
f 231 232 248
f 231 248 247
f 232 233 249
f 232 249 248
f 233 230 246
f 233 246 249
f 230 234 250
f 230 250 246
f 234 235 251
f 234 251 250
f 235 236 252
f 235 252 251
f 236 237 253
f 236 253 252
f 237 254 253
f 255 240 256
f 240 241 257
f 240 257 256
f 241 242 258
f 241 258 257
f 242 243 259
f 242 259 258
f 243 244 260
f 243 260 259
f 244 245 261
f 244 261 260
f 245 246 262
f 245 262 261
f 246 247 263
f 246 263 262
f 247 248 264
f 247 264 263
f 248 249 265
f 248 265 264
f 249 246 262
f 249 262 265
f 246 250 266
f 246 266 262
f 250 251 267
f 250 267 266
f 251 252 268
f 251 268 267
f 252 253 269
f 252 269 268
f 253 270 269
f 271 256 272
f 256 257 273
f 256 273 272
f 257 258 274
f 257 274 273
f 258 259 275
f 258 275 274
f 259 260 276
f 259 276 275
f 260 261 277
f 260 277 276
f 261 262 278
f 261 278 277
f 262 263 279
f 262 279 278
f 263 264 280
f 263 280 279
f 264 265 281
f 264 281 280
f 265 262 278
f 265 278 281
f 262 266 282
f 262 282 278
f 266 267 283
f 266 283 282
f 267 268 284
f 267 284 283
f 268 269 285
f 268 285 284
f 269 286 285
f 287 272 288
f 272 273 289
f 272 289 288
f 273 274 290
f 273 290 289
f 274 275 291
f 274 291 290
f 275 276 292
f 275 292 291
f 276 277 293
f 276 293 292
f 277 278 294
f 277 294 293
f 278 279 295
f 278 295 294
f 279 280 296
f 279 296 295
f 280 281 297
f 280 297 296
f 281 278 294
f 281 294 297
f 278 282 298
f 278 298 294
f 282 283 299
f 282 299 298
f 283 284 300
f 283 300 299
f 284 285 301
f 284 301 300
f 285 302 301
f 303 288 304
f 288 289 305
f 288 305 304
f 289 290 306
f 289 306 305
f 290 291 307
f 290 307 306
f 291 292 308
f 291 308 307
f 292 293 309
f 292 309 308
f 293 294 310
f 293 310 309
f 294 295 311
f 294 311 310
f 295 296 312
f 295 312 311
f 296 297 313
f 296 313 312
f 297 294 310
f 297 310 313
f 294 298 314
f 294 314 310
f 298 299 315
f 298 315 314
f 299 300 316
f 299 316 315
f 300 301 317
f 300 317 316
f 301 318 317
f 319 304 320
f 304 305 321
f 304 321 320
f 305 306 322
f 305 322 321
f 306 307 323
f 306 323 322
f 307 308 324
f 307 324 323
f 308 309 325
f 308 325 324
f 309 310 326
f 309 326 325
f 310 311 327
f 310 327 326
f 311 312 328
f 311 328 327
f 312 313 329
f 312 329 328
f 313 310 326
f 313 326 329
f 310 314 330
f 310 330 326
f 314 315 331
f 314 331 330
f 315 316 332
f 315 332 331
f 316 317 333
f 316 333 332
f 317 334 333
f 335 320 336
f 320 321 337
f 320 337 336
f 321 322 338
f 321 338 337
f 322 323 339
f 322 339 338
f 323 324 340
f 323 340 339
f 324 325 341
f 324 341 340
f 325 326 342
f 325 342 341
f 326 327 343
f 326 343 342
f 327 328 344
f 327 344 343
f 328 329 345
f 328 345 344
f 329 326 342
f 329 342 345
f 326 330 346
f 326 346 342
f 330 331 347
f 330 347 346
f 331 332 348
f 331 348 347
f 332 333 349
f 332 349 348
f 333 350 349
f 351 336 352
f 336 337 353
f 336 353 352
f 337 338 354
f 337 354 353
f 338 339 355
f 338 355 354
f 339 340 356
f 339 356 355
f 340 341 357
f 340 357 356
f 341 342 358
f 341 358 357
f 342 343 359
f 342 359 358
f 343 344 360
f 343 360 359
f 344 345 361
f 344 361 360
f 345 342 358
f 345 358 361
f 342 346 362
f 342 362 358
f 346 347 363
f 346 363 362
f 347 348 364
f 347 364 363
f 348 349 365
f 348 365 364
f 349 366 365
f 367 352 368
f 352 353 369
f 352 369 368
f 353 354 370
f 353 370 369
f 354 355 371
f 354 371 370
f 355 356 372
f 355 372 371
f 356 357 373
f 356 373 372
f 357 358 374
f 357 374 373
f 358 359 375
f 358 375 374
f 359 360 376
f 359 376 375
f 360 361 377
f 360 377 376
f 361 358 374
f 361 374 377
f 358 362 378
f 358 378 374
f 362 363 379
f 362 379 378
f 363 364 380
f 363 380 379
f 364 365 381
f 364 381 380
f 365 382 381
f 383 368 384
f 368 369 385
f 368 385 384
f 369 370 386
f 369 386 385
f 370 371 387
f 370 387 386
f 371 372 388
f 371 388 387
f 372 373 389
f 372 389 388
f 373 374 390
f 373 390 389
f 374 375 391
f 374 391 390
f 375 376 392
f 375 392 391
f 376 377 393
f 376 393 392
f 377 374 390
f 377 390 393
f 374 378 394
f 374 394 390
f 378 379 395
f 378 395 394
f 379 380 396
f 379 396 395
f 380 381 397
f 380 397 396
f 381 398 397
f 399 384 400
f 384 385 401
f 384 401 400
f 385 386 402
f 385 402 401
f 386 387 403
f 386 403 402
f 387 388 404
f 387 404 403
f 388 389 405
f 388 405 404
f 389 390 406
f 389 406 405
f 390 391 407
f 390 407 406
f 391 392 408
f 391 408 407
f 392 393 409
f 392 409 408
f 393 390 406
f 393 406 409
f 390 394 410
f 390 410 406
f 394 395 411
f 394 411 410
f 395 396 412
f 395 412 411
f 396 397 413
f 396 413 412
f 397 414 413
f 415 400 416
f 400 401 417
f 400 417 416
f 401 402 418
f 401 418 417
f 402 403 419
f 402 419 418
f 403 404 420
f 403 420 419
f 404 405 421
f 404 421 420
f 405 406 422
f 405 422 421
f 406 407 423
f 406 423 422
f 407 408 424
f 407 424 423
f 408 409 425
f 408 425 424
f 409 406 422
f 409 422 425
f 406 410 426
f 406 426 422
f 410 411 427
f 410 427 426
f 411 412 428
f 411 428 427
f 412 413 429
f 412 429 428
f 413 430 429
f 431 416 432
f 416 417 433
f 416 433 432
f 417 418 434
f 417 434 433
f 418 419 435
f 418 435 434
f 419 420 436
f 419 436 435
f 420 421 437
f 420 437 436
f 421 422 438
f 421 438 437
f 422 423 439
f 422 439 438
f 423 424 440
f 423 440 439
f 424 425 441
f 424 441 440
f 425 422 438
f 425 438 441
f 422 426 442
f 422 442 438
f 426 427 443
f 426 443 442
f 427 428 444
f 427 444 443
f 428 429 445
f 428 445 444
f 429 446 445
f 447 432 448
f 432 433 449
f 432 449 448
f 433 434 450
f 433 450 449
f 434 435 451
f 434 451 450
f 435 436 452
f 435 452 451
f 436 437 453
f 436 453 452
f 437 438 454
f 437 454 453
f 438 439 455
f 438 455 454
f 439 440 456
f 439 456 455
f 440 441 457
f 440 457 456
f 441 438 454
f 441 454 457
f 438 442 458
f 438 458 454
f 442 443 459
f 442 459 458
f 443 444 460
f 443 460 459
f 444 445 461
f 444 461 460
f 445 462 461
f 463 448 464
f 448 449 465
f 448 465 464
f 449 450 466
f 449 466 465
f 450 451 467
f 450 467 466
f 451 452 468
f 451 468 467
f 452 453 469
f 452 469 468
f 453 454 470
f 453 470 469
f 454 455 471
f 454 471 470
f 455 456 472
f 455 472 471
f 456 457 473
f 456 473 472
f 457 454 470
f 457 470 473
f 454 458 474
f 454 474 470
f 458 459 475
f 458 475 474
f 459 460 476
f 459 476 475
f 460 461 477
f 460 477 476
f 461 478 477
f 479 464 2
f 464 465 4
f 464 4 2
f 465 466 6
f 465 6 4
f 466 467 8
f 466 8 6
f 467 468 10
f 467 10 8
f 468 469 12
f 468 12 10
f 469 470 14
f 469 14 12
f 470 471 16
f 470 16 14
f 471 472 18
f 471 18 16
f 472 473 20
f 472 20 18
f 473 470 14
f 473 14 20
f 470 474 22
f 470 22 14
f 474 475 24
f 474 24 22
f 475 476 26
f 475 26 24
f 476 477 28
f 476 28 26
f 477 480 28

