0;70;0 70;70;0 35;70;-60,6217782649107
70;70;0 21;14;0 10,5;14;-18,1865334794732 35;70;-60,6217782649107
21;14;0 77;-35;0 38,5;-35;-66,6839560914018 10,5;14;-18,1865334794732
77;-35;0 0;-84;0 38,5;-35;-66,6839560914018
0;70;0 35;70;-60,6217782649107 -35;70;-60,6217782649107
35;70;-60,6217782649107 10,5;14;-18,1865334794732 -10,5;14;-18,1865334794732 -35;70;-60,6217782649107
10,5;14;-18,1865334794732 38,5;-35;-66,6839560914018 -38,5;-35;-66,6839560914018 -10,5;14;-18,1865334794732
38,5;-35;-66,6839560914018 0;-84;0 -38,5;-35;-66,6839560914018
0;70;0 -35;70;-60,6217782649107 -70;70;-3,90798504668055E-14
-35;70;-60,6217782649107 -10,5;14;-18,1865334794732 -21;14;-1,4210854715202E-14 -70;70;-3,90798504668055E-14
-10,5;14;-18,1865334794732 -38,5;-35;-66,6839560914018 -77;-35;-5,6843418860808E-14 -21;14;-1,4210854715202E-14
-38,5;-35;-66,6839560914018 0;-84;0 -77;-35;-5,6843418860808E-14
0;70;0 -70;70;-3,90798504668055E-14 -35,0000000000001;70;60,6217782649107
-70;70;-3,90798504668055E-14 -21;14;-1,4210854715202E-14 -10,5;14;18,1865334794732 -35,0000000000001;70;60,6217782649107
-21;14;-1,4210854715202E-14 -77;-35;-5,6843418860808E-14 -38,5000000000001;-35;66,6839560914017 -10,5;14;18,1865334794732
-77;-35;-5,6843418860808E-14 0;-84;0 -38,5000000000001;-35;66,6839560914017
0;70;0 -35,0000000000001;70;60,6217782649107 34,9999999999999;70;60,6217782649108
-35,0000000000001;70;60,6217782649107 -10,5;14;18,1865334794732 10,5;14;18,1865334794732 34,9999999999999;70;60,6217782649108
-10,5;14;18,1865334794732 -38,5000000000001;-35;66,6839560914017 38,4999999999999;-35;66,6839560914018 10,5;14;18,1865334794732
-38,5000000000001;-35;66,6839560914017 0;-84;0 38,4999999999999;-35;66,6839560914018
0;70;0 34,9999999999999;70;60,6217782649108 70;70;0
34,9999999999999;70;60,6217782649108 10,5;14;18,1865334794732 21;14;0 70;70;0
10,5;14;18,1865334794732 38,4999999999999;-35;66,6839560914018 77;-35;0 21;14;0
38,4999999999999;-35;66,6839560914018 0;-84;0 77;-35;0
